15481673 station.000
15481673 station.001
15481673 station.002
15481673 station.003
15481673 station.004
15481673 station.005
15481673 station.006
15481673 station.007
15481673 station.008
15481673 station.009
15481673 station.010
15481673 station.011
15481673 station.012 6.44 6.06 5.66 7.95 6.11
15481673 station.013
15481673 station.014
15481673 station.015
15481673 station.016
15481673 station.017
15481673 station.018
15481673 station.019 7.05 7.83 8.12 6.60 5.66
15481673 station.020
15481673 station.021
15481673 station.022
15481673 station.023
15481673 station.024
15481673 station.025
15481673 station.026
15481673 station.027 4.90 4.31 6.15 6.49 2.67
15481673 station.028
15481673 station.029
15481673 station.030
15481673 station.031
15481673 station.032
15481673 station.033
15481673 station.034
15481673 station.035
15481673 station.036
15481673 station.037
15481673 station.038
15481673 station.039
15481673 station.040
15481673 station.041
15481673 station.042
15481673 station.043
15481673 station.044
15481673 station.045
15481673 station.046
15481673 station.047
15481673 station.048
15481673 station.049
15481673 station.050
15481673 station.051
15481673 station.052
15481673 station.053
15481673 station.054
15481673 station.055
15481673 station.056
15481673 station.057
15481673 station.058
15481673 station.059
15481673 station.060
15481673 station.061
15481673 station.062
15481673 station.063 7.79 7.98 7.43 8.25 7.48
15481673 station.064
15481673 station.065
15481673 station.066
15481673 station.067
15481673 station.068
15481673 station.069
15481673 station.070
15481673 station.071
15481673 station.072
15481673 station.073
15481673 station.074
15481673 station.075
15481673 station.076
15481673 station.077
15481673 station.078
15481673 station.079
15481673 station.080
15481673 station.081
15481673 station.082
15481673 station.083 6.14 6.40 7.29 3.88 6.98
15481673 station.084
15481673 station.085
15481673 station.086
15481673 station.087
15481673 station.088
15481673 station.089
15481673 station.090
15481673 station.091 4.87 4.15 6.88 5.26 3.20
15481673 station.092
15481673 station.093 6.54 7.37 7.17 6.22 5.40
15481673 station.094
15481673 station.095 6.26 6.58 7.19 6.26 5.01
15481673 station.096 5.11 4.09 8.08 4.51 3.76
15481673 station.097 7.56 7.40 9.63 6.94 6.28
15481673 station.098 8.02 7.39 8.63 8.41 7.65
15481673 station.099 7.12 7.82 7.26 6.37 7.03
15481673 station.100
15481673 station.101 5.50 5.07 6.70 5.73 4.50
15481673 station.102 7.20 6.99 7.97 8.10 5.74
15481673 station.103
15481673 station.104 6.44 6.48 7.56 6.89 4.83
15481673 station.105
15481673 station.106 5.23 4.61 6.64 6.10 3.58
15481673 station.107 6.60 6.42 7.20 7.72 5.09
15481673 station.108 6.84 6.26 8.64 5.83 6.63
15481673 station.109
15481673 station.110 5.70 5.30 7.41 5.61 4.48
15481673 station.111 6.02 5.41 6.68 5.70 6.29
15481673 station.112 6.10 6.18 7.44 4.90 5.89
15481673 station.113 7.50 6.72 8.09 8.55 6.65
15481673 station.114
15481673 station.115
15481673 station.116
15481673 station.117
15481673 station.118
15481673 station.119 6.20 6.61 6.09 4.62 7.51
15481673 station.120 5.86 6.11 7.63 5.49 4.20
15481673 station.121
15481673 station.122
15481673 station.123
15481673 station.124
15481673 station.125 7.98 8.03 7.11 8.06 8.71
15481673 station.126
15481673 station.127
15481673 station.128
15481673 station.129
15481673 station.130
15481673 station.131 4.01 3.56 4.65 3.80 4.03
15481673 station.132
15481673 station.133 7.51 7.46 8.67 6.45 7.46
15481673 station.134 6.19 5.31 8.64 6.01 4.80
15481673 station.135 7.63 7.57 8.67 7.57 6.72
15481673 station.136
15481673 station.137 6.19 5.93 7.52 6.33 4.97
15481673 station.138 8.33 8.02 8.99 8.98 7.36
15481673 station.139 4.92 3.95 7.33 4.16 4.24
15481673 station.140 5.95 4.82 6.63 7.11 5.24
15481673 station.141 5.73 4.80 7.33 7.09 3.70
15481673 station.142 6.11 5.73 7.37 5.28 6.07
15481673 station.143 6.67 6.27 8.14 5.12 7.14
15481673 station.144 6.35 6.69 8.18 4.23 6.32
15481673 station.145
15481673 station.146 5.40 4.63 8.61 5.05 3.32
15481673 station.147 5.99 5.12 7.75 7.70 3.40
15481673 station.148 6.03 6.34 8.35 4.92 4.53
15481673 station.149 5.96 6.76 5.78 6.57 4.73
15481673 station.150 6.21 6.14 6.62 5.94 6.14
15481673 station.151
15481673 station.152 6.45 6.40 5.95 7.20 6.24
15481673 station.153 5.99 6.33 8.31 4.46 4.85
15481673 station.154 4.96 5.42 7.77 4.42 2.24
15481673 station.155 5.34 4.29 7.00 6.46 3.60
15481673 station.156 6.92 5.70 7.39 7.45 7.14
15481673 station.157 6.46 6.12 7.51 7.03 5.17
15481673 station.158 7.54 7.16 8.85 7.31 6.86
15481673 station.159 4.76 4.65 6.11 4.87 3.42
15481673 station.160 6.06 5.18 8.09 5.42 5.53
15481673 station.161
15481673 station.162 6.86 6.66 7.78 7.71 5.29
15481673 station.163
15481673 station.164 7.16 7.18 8.17 6.83 6.45
15481673 station.165
15481673 station.166
15481673 station.167 4.87 4.85 5.97 4.30 4.38
15481673 station.168 4.52 4.39 5.95 3.81 3.90
15481673 station.169
15481673 station.170 5.74 5.88 8.04 4.21 4.83
15481673 station.171 4.37 4.11 6.00 3.45 3.93
15481673 station.172 4.79 4.22 5.97 5.27 3.70
15481673 station.173 5.69 4.91 6.79 7.39 3.68
15481673 station.174 7.11 7.33 8.49 7.42 5.18
15481673 station.175 3.87 2.47 4.64 4.17 4.20
15481673 station.176 5.44 4.22 7.53 6.07 3.92
15481673 station.177 4.04 3.55 7.33 2.62 2.65
15481673 station.178
15481673 station.179 7.37 7.66 8.35 6.97 6.52
15481673 station.180
15481673 station.181
15481673 station.182 5.11 4.19 6.89 6.05 3.31
15481673 station.183 5.02 4.69 6.87 5.62 2.88
15481673 station.184
15481673 station.185
15481673 station.186
15481673 station.187 4.62 5.04 4.89 4.57 3.98
15481673 station.188 5.21 6.07 6.86 3.20 4.72
15481673 station.189 6.01 5.31 7.95 6.83 3.95
15481673 station.190 3.94 4.27 4.77 2.51 4.23
15481673 station.191
15481673 station.192
15481673 station.193 3.46 3.17 4.56 3.62 2.47
15481673 station.194
15481673 station.195
15481673 station.196
15481673 station.197 3.95 4.53 4.91 3.01 3.36
15481673 station.198 4.04 3.24 6.37 3.97 2.60
15481673 station.199
15481673 station.200
15481673 station.201 4.19 3.42 5.06 3.96 4.33
15481673 station.202 3.63 3.63 4.98 3.99 1.91
15481673 station.203 3.45 3.44 3.66 3.58 3.11
15481673 station.204
15481673 station.205 3.49 2.90 4.93 3.86 2.27
15481673 station.206
15481673 station.207
15481673 station.208
15481673 station.209
15481673 station.210 4.76 4.66 6.67 2.79 4.92
15481673 station.211
15481673 station.212
15481673 station.213
15481673 station.214
15481673 station.215
15481673 station.216 6.91 7.19 7.89 7.28 5.29
15481673 station.217
15481673 station.218
15481673 station.219 3.30 3.50 3.83 3.13 2.75
15481673 station.220 6.17 7.16 7.82 5.32 4.37
15481673 station.221 4.94 4.75 6.96 5.44 2.61
15481673 station.222 5.91 6.39 6.70 7.02 3.52
15481673 station.223
15481673 station.224
15481673 station.225 4.13 3.73 5.86 3.75 3.17
15481673 station.226
15481673 station.227 4.45 3.89 4.02 3.33 6.55
15481673 station.228 3.21 2.85 4.74 2.33 2.96
15481673 station.229 3.62 3.42 4.81 2.99 3.25
15481673 station.230 3.55 3.36 3.92 3.02 3.90
15481673 station.231
15481673 station.232 4.85 4.70 6.06 5.01 3.66
15481673 station.233
15481673 station.234 4.50 3.58 7.85 4.38 2.21
15481673 station.235 3.24 2.65 4.98 3.49 1.82
15481673 station.236
15481673 station.237 5.50 5.09 6.86 6.06 3.98
15481673 station.238 5.07 4.37 6.94 5.07 3.91
15481673 station.239
15481673 station.240 3.72 3.94 4.31 3.52 3.11
15481673 station.241
15481673 station.242 4.58 4.49 5.72 3.49 4.63
15481673 station.243 4.69 4.15 5.14 5.97 3.48
15481673 station.244
15481673 station.245 3.90 4.23 5.72 3.17 2.46
15481673 station.246 5.05 5.54 6.81 3.38 4.47
15481673 station.247 3.78 3.83 4.68 2.54 4.07
15481673 station.248 3.99 3.56 6.12 2.51 3.76
15481673 station.249
15481673 station.250 4.65 4.97 5.61 4.51 3.51
15481673 station.251 6.89 7.30 7.13 5.76 7.36
15481673 station.252 5.75 4.87 7.88 6.79 3.46
15481673 station.253 6.38 6.33 7.28 5.44 6.48
15481673 station.254 6.93 7.18 8.42 5.51 6.64
15481673 station.255
15481673 station.256
15481673 station.257 6.80 6.50 8.79 6.62 5.28
15481673 station.258 6.67 6.47 7.99 6.93 5.29
15481673 station.259 6.56 6.42 7.80 7.18 4.86
15481673 station.260 6.95 6.77 8.22 5.28 7.53
15481673 station.261 7.13 7.53 8.31 5.13 7.53
15481673 station.262 6.84 6.57 8.91 5.22 6.68
15481673 station.263
15481673 station.264
15481673 station.265
15481673 station.266
15481673 station.267 7.77 6.42 9.01 7.22 8.42
15481673 station.268 7.47 7.16 8.63 7.71 6.39
15481673 station.269
15481673 station.270
15481673 station.271 6.37 6.30 7.53 7.28 4.35
15481673 station.272 7.01 7.99 6.69 6.62 6.74
15481673 station.273 7.59 7.90 8.64 6.50 7.31
15481673 station.274 5.04 4.96 6.61 4.59 3.98
15481673 station.275
15481673 station.276
15481673 station.277 6.67 7.13 7.49 6.09 5.98
15481673 station.278 6.67 5.70 6.81 8.23 5.94
15481673 station.279
15481673 station.280
15481673 station.281 7.31 6.48 8.47 7.79 6.51
15481673 station.282
15481673 station.283
15481673 station.284
15481673 station.285
15481673 station.286
15481673 station.287 6.33 6.39 8.70 3.84 6.39
15481673 station.288 7.19 6.62 6.83 8.59 6.71
15481673 station.289
15481673 station.290
15481673 station.291
15481673 station.292
15481673 station.293
15481673 station.294
15481673 station.295 6.78 6.56 8.70 6.65 5.23
15481673 station.296 6.67 6.24 6.34 6.08 8.04
15481673 station.297 7.48 7.67 7.23 7.50 7.50
15481673 station.298
15481673 station.299
15481673 station.300 6.53 5.41 6.71 7.95 6.07
15481673 station.301
15481673 station.302 6.44 6.31 8.11 6.12 5.20
15481673 station.303 7.20 7.04 8.42 6.15 7.19
15481673 station.304 6.72 5.87 7.89 6.90 6.22
15481673 station.305
15481673 station.306 6.26 5.58 8.26 7.05 4.14
15481673 station.307 6.95 6.99 8.01 6.52 6.27
15481673 station.308 6.84 6.66 7.43 7.07 6.19
15481673 station.309
15481673 station.310
15481673 station.311 6.73 7.36 7.91 6.96 4.69
15481673 station.312 5.66 5.07 8.17 5.14 4.28
15481673 station.313 5.59 5.36 8.34 4.55 4.12
15481673 station.314 6.64 6.43 7.38 6.65 6.13
15481673 station.315
15481673 station.316
15481673 station.317 6.74 6.71 8.33 7.00 4.93
15481673 station.318
15481673 station.319
15481673 station.320
15481673 station.321
15481673 station.322
15481673 station.323
15481673 station.324
15481673 station.325 5.06 4.33 6.76 5.80 3.37
15481673 station.326
15481673 station.327 7.38 5.72 7.86 8.31 7.63
15481673 station.328 7.36 6.97 8.29 8.84 5.37
15481673 station.329 5.97 5.77 9.13 5.66 3.32
15481673 station.330 7.37 7.28 6.82 7.38 8.01
15481673 station.331 7.05 5.75 7.56 6.83 8.06
15481673 station.332 6.26 6.06 5.59 6.53 6.86
15481673 station.333 6.39 7.11 7.76 5.83 4.88
15481673 station.334 7.22 7.71 7.91 7.18 6.06
15481673 station.335 6.47 7.15 7.35 6.04 5.35
15481673 station.336
15481673 station.337
15481673 station.338
15481673 station.339
15481673 station.340
15481673 station.341
15481673 station.342
15481673 station.343
15481673 station.344
15481673 station.345
15481673 station.346 5.04 4.19 6.43 5.96 3.57
15481673 station.347
15481673 station.348 7.33 7.76 6.15 7.76 7.65
15481673 station.349
15481673 station.350
15481673 station.351
15481673 station.352 7.45 7.64 7.22 6.67 8.25
15481673 station.353
15481673 station.354
15481673 station.355
15481673 station.356
15481673 station.357
15481673 station.358
15481673 station.359
15481673 station.360
15481673 station.361
15481673 station.362
15481673 station.363
15481673 station.364
15481673 station.365
15481673 station.366
15481673 station.367
15481673 station.368
15481673 station.369
15481673 station.370
15481673 station.371
15481673 station.372
15481673 station.373 7.44 7.37 8.16 7.10 7.11
15481673 station.374
15481673 station.375
15481673 station.376
15481673 station.377
15481673 station.378
15481673 station.379
15481673 station.380
15481673 station.381
15481673 station.382
15481673 station.383
15481673 station.384 7.31 7.59 9.09 7.54 5.01
15481673 station.385
15481673 station.386
15481673 station.387
15481673 station.388
15481673 station.389
15481673 station.390 6.90 6.46 8.37 6.28 6.48
15481673 station.391
15481673 station.392
15481673 station.393
15481673 station.394
15481673 station.395
15481673 station.396
15481673 station.397
15481673 station.398
15481673 station.399
15481673 station.400
15481673 station.401
15481673 station.402
15481673 station.403 6.99 7.20 8.32 7.25 5.18
15481673 station.404
15481673 station.405
15481673 station.406 7.19 7.15 8.53 7.52 5.55
15481673 station.407 7.69 7.62 6.85 7.93 8.38
15481673 station.408
15481673 station.409
15481673 station.410
15481673 station.411
15481673 station.412
15481673 station.413 7.09 7.42 7.67 7.33 5.92
15481673 station.414
15481673 station.415
15481673 station.416
15481673 station.417
15481673 station.418
15481673 station.419
15481673 station.420
15481673 station.421
15481673 station.422
15481673 station.423
15481673 station.424
15481673 station.425
15481673 station.426
15481673 station.427
15481673 station.428
15481673 station.429
15481673 station.430
15481673 station.431
15481673 station.432
15481673 station.433 6.07 6.08 4.87 7.50 5.84
15481673 station.434
15481673 station.435
15481673 station.436
15481673 station.437
15481673 station.438 6.93 7.11 7.11 7.51 6.00
15481673 station.439
15481673 station.440
15481673 station.441 6.23 7.03 6.73 7.43 3.72
15481673 station.442
15481673 station.443
15481673 station.444
15481673 station.445
15481673 station.446
15481673 station.447 7.48 7.11 8.43 7.99 6.37
15481673 station.448 7.79 7.94 7.40 8.19 7.62
15481673 station.449 7.44 7.32 8.56 7.48 6.39
15481673 station.450 5.45 4.56 7.48 6.28 3.49
15481673 station.451 6.52 6.53 9.23 5.15 5.18
15481673 station.452 6.82 6.50 7.19 7.63 5.95
15481673 station.453 7.62 7.87 8.25 8.01 6.35
15481673 station.454 6.93 6.50 6.94 8.86 5.40
15481673 station.455
15481673 station.456
15481673 station.457
15481673 station.458
15481673 station.459
15481673 station.460
15481673 station.461
15481673 station.462
15481673 station.463
15481673 station.464
15481673 station.465
15481673 station.466
15481673 station.467 6.42 5.98 8.82 7.63 3.25
15481673 station.468
15481673 station.469
15481673 station.470 7.17 5.70 8.15 8.80 6.03
15481673 station.471
15481673 station.472
15481673 station.473
15481673 station.474
15481673 station.475
15481673 station.476 6.79 7.27 7.81 6.00 6.09
15481673 station.477
15481673 station.478
15481673 station.479 7.71 7.99 7.68 6.69 8.51
15481673 station.480
15481673 station.481 5.79 5.43 6.49 7.00 4.24
15481673 station.482 7.66 7.78 8.47 7.90 6.49
15481673 station.483 7.43 7.59 8.15 7.67 6.31
15481673 station.484
15481673 station.485 6.71 7.11 8.74 5.27 5.71
15481673 station.486
15481673 station.487 5.62 5.42 6.18 6.85 4.01
15481673 station.488
15481673 station.489
15481673 station.490
15481673 station.491
15481673 station.492
15481673 station.493
15481673 station.494
15481673 station.495
15481673 station.496
15481673 station.497
15481673 station.498 6.94 7.41 8.32 6.12 5.90
15481673 station.499
15481673 station.500
15481673 station.501
15481673 station.502
15481673 station.503
15481673 station.504 5.38 5.22 6.96 4.63 4.72
15481673 station.505
15481673 station.506
15481673 station.507 5.56 5.07 7.72 4.45 5.00
15481673 station.508 6.62 7.47 7.21 5.78 6.04
15481673 station.509
15481673 station.510
15481673 station.511
15481673 station.512 4.68 3.90 6.05 5.37 3.40
15481673 station.513
15481673 station.514
15481673 station.515 7.24 7.13 7.57 6.64 7.63
15481673 station.516
15481673 station.517
15481673 station.518 6.83 7.08 7.50 6.48 6.24
15481673 station.519
15481673 station.520
15481673 station.521 7.20 7.44 7.46 7.03 6.85
15481673 station.522
15481673 station.523 6.52 6.58 7.67 6.98 4.84
15481673 station.524 6.73 6.30 7.12 6.72 6.79
15481673 station.525 6.83 7.62 8.33 4.64 6.72
15481673 station.526
15481673 station.527
15481673 station.528 5.41 6.37 4.01 4.46 6.77
15481673 station.529 5.67 5.37 7.10 3.74 6.47
15481673 station.530 6.64 7.20 8.25 4.62 6.49
15481673 station.531 6.64 7.20 8.25 4.62 6.49
15481673 station.532
15481673 station.533
15481673 station.534
15481673 station.535 7.62 7.67 7.43 7.87 7.50
15481673 station.536
15481673 station.537
15481673 station.538
15481673 station.539
15481673 station.540 3.77 3.43 5.40 3.57 2.68
15481673 station.541
15481673 station.542
15481673 station.543
15481673 station.544
15481673 station.545
15481673 station.546
15481673 station.547
15481673 station.548
15481673 station.549 6.86 6.93 8.15 6.16 6.21
15481673 station.550
15481673 station.551 5.53 4.78 6.69 7.27 3.36
15481673 station.552
15481673 station.553 3.80 3.83 4.15 3.26 3.95
15481673 station.554
15481673 station.555
15481673 station.556
15481673 station.557
15481673 station.558
15481673 station.559
15481673 station.560
15481673 station.561
15481673 station.562
15481673 station.563
15481673 station.564
15481673 station.565
15481673 station.566
15481673 station.567
15481673 station.568
15481673 station.569
15481673 station.570
15481673 station.571
15481673 station.572
15481673 station.573
15481673 station.574
15481673 station.575 4.87 4.58 5.59 4.13 5.21
15481673 station.576
15481673 station.577
15481673 station.578
15481673 station.579 2.59 2.55 3.59 2.20 2.02
15481673 station.580
15481673 station.581
15481673 station.582
15481673 station.583 5.85 5.10 6.72 7.84 3.75
15481673 station.584
15481673 station.585
15481673 station.586 7.05 7.38 7.28 6.55 7.01
15481673 station.587 6.69 6.42 8.53 7.69 4.10
15481673 station.588
15481673 station.589 6.35 6.20 7.84 4.96 6.41
15481673 station.590 7.47 7.21 8.50 8.05 6.13
15481673 station.591
15481673 station.592
15481673 station.593 7.21 7.23 8.03 6.28 7.30
15481673 station.594
15481673 station.595
15481673 station.596
15481673 station.597
15481673 station.598
15481673 station.599
15481673 station.600 6.93 7.77 8.10 6.67 5.19
15481673 station.601 6.93 7.75 8.07 6.70 5.19
15481673 station.602
15481673 station.603 7.36 7.13 7.87 7.28 7.15
15481673 station.604
15481673 station.605
15481673 station.606
15481673 station.607 6.58 6.67 8.02 6.45 5.19
15481673 station.608
15481673 station.609
15481673 station.610
15481673 station.611
15481673 station.612
15481673 station.613
15481673 station.614
15481673 station.615
15481673 station.616
15481673 station.617
15481673 station.618
15481673 station.619
15481673 station.620 7.01 6.95 8.19 6.63 6.28
15481673 station.621
15481673 station.622
15481673 station.623
15481673 station.624
15481673 station.625 3.51 3.56 4.55 3.76 2.17
15481673 station.626
15481673 station.627 6.58 7.17 6.29 6.50 6.37
15481673 station.628 5.89 6.56 7.05 5.83 4.11
15481673 station.629 8.14 8.17 8.94 7.14 8.30
15481673 station.630 6.47 6.78 8.17 3.66 7.25
15481673 station.631 5.62 5.23 6.35 7.26 3.64
15481673 station.632 3.83 3.26 6.91 3.42 1.74
15481673 station.633
15481673 station.634 3.02 2.90 3.61 3.03 2.54
15481673 station.635
15481673 station.636
15481673 station.637
15481673 station.638
15481673 station.639 6.73 6.89 6.61 7.15 6.27
15481673 station.640
15481673 station.641
15481673 station.642 5.02 4.44 8.52 4.12 3.00
15481673 station.643
15481673 station.644
15481673 station.645
15481673 station.646 5.08 4.77 4.97 6.23 4.37
15481673 station.647
15481673 station.648 6.22 5.76 7.57 5.97 5.57
15481673 station.649
15481673 station.650
15481673 station.651
15481673 station.652
15481673 station.653 7.05 7.42 7.37 6.60 6.81
15481673 station.654 5.13 4.95 6.33 4.65 4.59
15481673 station.655
15481673 station.656
15481673 station.657 5.43 4.35 8.70 4.32 4.37
15481673 station.658
15481673 station.659
15481673 station.660 5.90 5.68 5.71 7.41 4.81
15481673 station.661
15481673 station.662
15481673 station.663 7.16 7.36 8.81 7.28 5.19
15481673 station.664
15481673 station.665
15481673 station.666
15481673 station.667
15481673 station.668
15481673 station.669
15481673 station.670
15481673 station.671 6.18 6.43 5.23 6.22 6.85
15481673 station.672 6.92 6.88 7.25 6.55 7.02
15481673 station.673
15481673 station.674
15481673 station.675
15481673 station.676 7.21 7.03 9.16 6.00 6.67
15481673 station.677 1.75 1.42 1.95 1.76 1.87
15481673 station.678 7.79 7.64 8.55 7.77 7.21
15481673 station.679
15481673 station.680
15481673 station.681 6.72 6.70 8.30 8.08 3.80
15481673 station.682
15481673 station.683 7.56 7.67 8.29 9.08 5.22
15481673 station.684
15481673 station.685
15481673 station.686 6.52 7.26 7.27 5.68 5.89
15481673 station.687 7.10 7.60 7.07 7.92 5.81
15481673 station.688 6.92 6.30 7.45 7.32 6.62
15481673 station.689 6.70 6.28 7.47 8.03 5.00
15481673 station.690
15481673 station.691 6.92 7.02 7.59 6.81 6.25
15481673 station.692
15481673 station.693 6.25 6.54 8.01 6.57 3.85
15481673 station.694
15481673 station.695 5.52 4.98 7.03 6.67 3.39
15481673 station.696
15481673 station.697
15481673 station.698
15481673 station.699
15481673 station.700
15481673 station.701 7.85 7.14 7.88 9.03 7.37
15481673 station.702 6.60 6.93 7.67 5.01 6.80
15481673 station.703 7.46 7.49 7.41 8.61 6.34
15481673 station.704 5.94 6.06 6.60 6.71 4.38
15481673 station.705 5.75 5.37 7.12 7.77 2.75
15481673 station.706 5.68 5.97 7.86 3.99 4.90
15481673 station.707 5.33 5.62 5.42 5.45 4.85
15481673 station.708
15481673 station.709 7.19 7.96 8.85 6.11 5.86
15481673 station.710 7.23 7.91 7.67 5.79 7.53
15481673 station.711 6.82 6.79 7.94 8.57 3.98
15481673 station.712 6.26 5.32 5.89 7.85 5.98
15481673 station.713 6.52 6.46 7.04 8.32 4.28
15481673 station.714 6.50 5.77 7.45 5.81 7.00
15481673 station.715 5.51 4.90 6.40 6.10 4.62
15481673 station.716 6.05 5.75 8.72 5.37 4.37
15481673 station.717 4.69 3.76 7.04 3.62 4.34
15481673 station.718 5.64 5.85 8.22 3.61 4.88
15481673 station.719 7.44 7.46 6.72 8.22 7.37
15481673 station.720 5.59 5.38 6.83 5.98 4.17
15481673 station.721 5.13 5.02 4.73 3.86 6.93
15481673 station.722 4.68 5.13 5.37 5.20 3.00
15481673 station.723
15481673 station.724 4.42 4.71 5.85 2.58 4.55
15481673 station.725 6.74 6.22 7.99 6.63 6.12
15481673 station.726 7.34 7.31 8.58 6.30 7.18
15481673 station.727 7.07 7.69 8.69 5.31 6.61
15481673 station.728 6.13 5.25 7.34 7.53 4.41
15481673 station.729
15481673 station.730 5.53 5.34 6.69 6.18 3.89
15481673 station.731 5.30 4.18 8.38 5.74 2.90
15481673 station.732
15481673 station.733 6.44 6.04 8.29 6.95 4.46
15481673 station.734 6.00 6.26 7.40 4.86 5.50
15481673 station.735 4.98 5.78 6.69 4.61 2.82
15481673 station.736
15481673 station.737 6.67 6.78 6.40 6.32 7.18
15481673 station.738 7.41 7.94 7.84 7.72 6.12
15481673 station.739 6.25 5.79 6.61 7.94 4.68
15481673 station.740 3.21 2.94 4.82 2.52 2.54
15481673 station.741 7.49 7.75 7.95 7.84 6.43
15481673 station.742 4.96 4.66 8.18 4.73 2.28
15481673 station.743 5.39 5.15 5.86 7.02 3.52
15481673 station.744 5.77 6.09 7.58 5.98 3.42
15481673 station.745 7.00 7.56 7.32 6.61 6.50
15481673 station.746 4.49 4.38 4.74 6.14 2.70
15481673 station.747 4.24 3.91 5.89 3.67 3.48
15481673 station.748
15481673 station.749
15481673 station.750 7.47 7.80 8.11 7.85 6.12
15481673 station.751
15481673 station.752
15481673 station.753 4.83 5.10 7.37 3.63 3.20
15481673 station.754 6.23 5.99 6.95 7.74 4.22
15481673 station.755
15481673 station.756 6.09 5.66 7.29 6.96 4.43
15481673 station.757
15481673 station.758 5.12 4.79 5.70 5.44 4.55
15481673 station.759
15481673 station.760 6.08 5.44 7.18 6.56 5.11
15481673 station.761 6.08 5.50 7.26 6.59 4.98
15481673 station.762 5.79 6.57 7.85 5.75 2.99
15481673 station.763 6.19 5.49 6.92 6.46 5.91
15481673 station.764
15481673 station.765 6.24 6.56 5.50 6.73 6.19
15481673 station.766 6.51 7.22 7.58 6.70 4.55
15481673 station.767 6.50 7.24 7.54 6.60 4.62
15481673 station.768 4.97 4.72 5.02 4.94 5.21
15481673 station.769
15481673 station.770
15481673 station.771
15481673 station.772 4.26 3.69 7.34 3.12 2.89
15481673 station.773
15481673 station.774
15481673 station.775
15481673 station.776
15481673 station.777
15481673 station.778
15481673 station.779
15481673 station.780
15481673 station.781
15481673 station.782
15481673 station.783
15481673 station.784 7.45 7.80 8.69 8.10 5.20
15481673 station.785 7.46 7.77 8.69 8.13 5.27
15481673 station.786
15481673 station.787
15481673 station.788
15481673 station.789
15481673 station.790 5.26 4.10 6.73 7.18 3.03
15481673 station.791
15481673 station.792 4.82 5.35 4.62 3.14 6.15
15481673 station.793
15481673 station.794 6.77 6.74 8.24 6.37 5.70
15481673 station.795
15481673 station.796 6.01 5.88 5.25 6.38 6.52
15481673 station.797
15481673 station.798
15481673 station.799
15481673 station.800 7.55 7.82 7.09 7.01 8.28
15481673 station.801 5.01 4.97 5.88 4.56 4.64
15481673 station.802
15481673 station.803
15481673 station.804 6.64 6.02 7.97 7.40 5.16
15481673 station.805
15481673 station.806
15481673 station.807 8.33 8.32 8.71 7.87 8.41
15481673 station.808
15481673 station.809
15481673 station.810
15481673 station.811
15481673 station.812
15481673 station.813
15481673 station.814
15481673 station.815 5.42 5.40 5.81 5.64 4.82
15481673 station.816
15481673 station.817
15481673 station.818
15481673 station.819 7.41 7.42 8.27 7.57 6.36
15481673 station.820
15481673 station.821
15481673 station.822
15481673 station.823
15481673 station.824
15481673 station.825
15481673 station.826
15481673 station.827
15481673 station.828
15481673 station.829 5.52 5.05 6.99 3.88 6.16
15481673 station.830 6.35 6.71 6.78 6.03 5.88
15481673 station.831
15481673 station.832
15481673 station.833 5.37 5.18 4.30 6.41 5.61
15481673 station.834 3.11 3.25 4.15 2.74 2.31
15481673 station.835
15481673 station.836
15481673 station.837
15481673 station.838
15481673 station.839
15481673 station.840
15481673 station.841