14383980 station.000
14383980 station.001
14383980 station.002
14383980 station.003
14383980 station.004
14383980 station.005
14383980 station.006
14383980 station.007
14383980 station.008
14383980 station.009
14383980 station.010
14383980 station.011
14383980 station.012 6.67 6.16 6.56 5.90 8.06
14383980 station.013
14383980 station.014
14383980 station.015
14383980 station.016
14383980 station.017
14383980 station.018
14383980 station.019
14383980 station.020
14383980 station.021
14383980 station.022
14383980 station.023 7.41 7.79 8.74 6.09 7.02
14383980 station.024 7.32 7.64 7.04 6.96 7.64
14383980 station.025
14383980 station.026
14383980 station.027
14383980 station.028
14383980 station.029
14383980 station.030
14383980 station.031
14383980 station.032
14383980 station.033
14383980 station.034
14383980 station.035
14383980 station.036
14383980 station.037 6.56 7.24 6.30 5.06 7.65
14383980 station.038 7.62 7.72 8.56 7.87 6.34
14383980 station.039
14383980 station.040
14383980 station.041 6.95 6.04 9.16 7.00 5.60
14383980 station.042
14383980 station.043
14383980 station.044
14383980 station.045
14383980 station.046
14383980 station.047
14383980 station.048
14383980 station.049 5.12 5.95 3.08 5.34 6.11
14383980 station.050
14383980 station.051 6.93 6.34 7.44 6.64 7.31
14383980 station.052
14383980 station.053
14383980 station.054 4.68 5.08 5.02 3.46 5.18
14383980 station.055
14383980 station.056 5.93 6.59 4.04 6.41 6.67
14383980 station.057
14383980 station.058
14383980 station.059
14383980 station.060
14383980 station.061
14383980 station.062
14383980 station.063
14383980 station.064
14383980 station.065
14383980 station.066
14383980 station.067
14383980 station.068
14383980 station.069
14383980 station.070
14383980 station.071
14383980 station.072
14383980 station.073
14383980 station.074
14383980 station.075
14383980 station.076
14383980 station.077
14383980 station.078
14383980 station.079
14383980 station.080
14383980 station.081
14383980 station.082
14383980 station.083
14383980 station.084
14383980 station.085
14383980 station.086
14383980 station.087
14383980 station.088
14383980 station.089
14383980 station.090
14383980 station.091
14383980 station.092
14383980 station.093
14383980 station.094
14383980 station.095 6.63 6.17 6.26 6.48 7.59
14383980 station.096 7.74 7.17 8.74 7.70 7.36
14383980 station.097 6.36 5.90 8.99 6.36 4.18
14383980 station.098 7.32 6.57 9.02 7.50 6.21
14383980 station.099 7.05 7.08 8.79 5.60 6.74
14383980 station.100 3.43 3.13 4.15 2.90 3.54
14383980 station.101 7.29 6.46 8.55 7.49 6.68
14383980 station.102 6.20 5.19 6.80 6.82 6.00
14383980 station.103 5.99 4.62 7.02 6.55 5.80
14383980 station.104 5.53 5.05 6.00 5.62 5.46
14383980 station.105 5.63 4.35 5.70 6.92 5.56
14383980 station.106
14383980 station.107 7.32 7.03 8.81 7.02 6.43
14383980 station.108 7.58 6.87 8.99 6.61 7.84
14383980 station.109 6.93 5.85 8.14 7.49 6.23
14383980 station.110 6.21 6.46 7.14 6.00 5.26
14383980 station.111 5.67 4.95 6.72 4.83 6.20
14383980 station.112 8.31 8.50 8.68 7.58 8.50
14383980 station.113 4.70 3.79 5.57 6.26 3.19
14383980 station.114
14383980 station.115
14383980 station.116
14383980 station.117
14383980 station.118
14383980 station.119 6.86 6.41 6.94 6.99 7.11
14383980 station.120 5.84 4.52 6.50 6.01 6.33
14383980 station.121
14383980 station.122
14383980 station.123
14383980 station.124
14383980 station.125
14383980 station.126
14383980 station.127
14383980 station.128
14383980 station.129
14383980 station.130
14383980 station.131 2.95 2.09 3.63 3.32 2.76
14383980 station.132
14383980 station.133 7.21 7.12 6.19 7.87 7.65
14383980 station.134 6.80 7.05 7.73 5.90 6.54
14383980 station.135 7.66 7.25 9.16 7.34 6.89
14383980 station.136
14383980 station.137 7.32 6.37 8.08 7.46 7.34
14383980 station.138 6.82 7.68 5.69 6.50 7.42
14383980 station.139 8.11 7.81 8.12 8.48 8.04
14383980 station.140 7.77 7.83 8.73 7.95 6.60
14383980 station.141 7.21 7.21 8.34 6.03 7.28
14383980 station.142 7.97 7.82 8.85 8.50 6.71
14383980 station.143 7.02 7.14 7.67 5.96 7.31
14383980 station.144 5.73 5.60 7.39 4.36 5.56
14383980 station.145
14383980 station.146 6.89 6.73 7.18 6.78 6.87
14383980 station.147 7.03 6.68 7.49 6.55 7.42
14383980 station.148 7.75 7.42 8.73 7.16 7.69
14383980 station.149 7.65 7.36 8.01 6.98 8.24
14383980 station.150 6.62 6.59 7.55 5.81 6.53
14383980 station.151 6.39 5.71 7.39 5.26 7.21
14383980 station.152 7.10 6.66 7.93 6.35 7.45
14383980 station.153 6.18 5.99 8.31 4.95 5.46
14383980 station.154 7.20 7.21 7.63 7.13 6.84
14383980 station.155 7.16 6.61 7.59 8.41 6.00
14383980 station.156 6.57 5.85 8.01 6.26 6.15
14383980 station.157 6.07 5.39 7.16 6.82 4.93
14383980 station.158 7.69 8.04 8.79 7.11 6.84
14383980 station.159 6.52 6.23 7.72 6.11 6.02
14383980 station.160 6.71 6.76 8.04 6.52 5.50
14383980 station.161 5.63 5.01 6.68 7.37 3.47
14383980 station.162 5.24 4.67 5.36 5.40 5.53
14383980 station.163 7.68 7.45 8.55 6.83 7.89
14383980 station.164 6.71 5.50 7.34 6.73 7.28
14383980 station.165 6.64 6.19 6.46 6.92 6.99
14383980 station.166 6.00 5.13 6.96 6.46 5.45
14383980 station.167 7.97 7.38 8.18 8.43 7.91
14383980 station.168 7.44 7.26 7.97 7.69 6.84
14383980 station.169 7.27 6.77 8.39 6.18 7.73
14383980 station.170 6.37 6.10 5.92 6.48 7.01
14383980 station.171 7.44 7.02 7.35 8.15 7.26
14383980 station.172 7.34 7.59 7.79 6.73 7.24
14383980 station.173 7.44 7.63 7.74 7.48 6.92
14383980 station.174 6.84 5.75 6.18 7.88 7.55
14383980 station.175 7.34 7.10 8.00 8.38 5.88
14383980 station.176 7.01 6.63 7.79 7.28 6.35
14383980 station.177
14383980 station.178 6.78 6.87 6.56 7.83 5.85
14383980 station.179 5.62 5.26 6.27 6.89 4.06
14383980 station.180 5.07 3.49 5.89 5.53 5.38
14383980 station.181 6.27 5.38 6.91 7.11 5.68
14383980 station.182 7.39 6.62 8.65 7.52 6.77
14383980 station.183 7.79 7.28 7.99 8.42 7.47
14383980 station.184
14383980 station.185 5.77 4.18 6.29 7.06 5.55
14383980 station.186
14383980 station.187 7.64 6.80 7.35 7.74 8.66
14383980 station.188 6.96 6.09 7.13 7.15 7.46
14383980 station.189 6.42 6.00 6.97 5.63 7.07
14383980 station.190 7.70 7.17 8.58 7.52 7.51
14383980 station.191
14383980 station.192 6.74 5.09 7.59 7.98 6.30
14383980 station.193 7.47 7.42 7.02 7.88 7.56
14383980 station.194
14383980 station.195
14383980 station.196
14383980 station.197 7.62 6.62 7.97 8.66 7.23
14383980 station.198 7.71 7.44 8.10 7.15 8.16
14383980 station.199
14383980 station.200
14383980 station.201 7.41 7.35 7.22 7.15 7.89
14383980 station.202 6.99 7.07 7.66 5.94 7.28
14383980 station.203
14383980 station.204 7.28 6.42 8.28 7.72 6.71
14383980 station.205 7.24 5.41 8.13 7.17 8.25
14383980 station.206
14383980 station.207
14383980 station.208
14383980 station.209 6.96 5.73 8.01 6.64 7.48
14383980 station.210 7.37 7.55 8.36 7.71 5.88
14383980 station.211
14383980 station.212
14383980 station.213
14383980 station.214
14383980 station.215
14383980 station.216 6.01 5.16 6.89 6.42 5.55
14383980 station.217
14383980 station.218
14383980 station.219 7.42 6.82 8.13 7.95 6.81
14383980 station.220 6.94 6.62 7.15 6.49 7.52
14383980 station.221 7.32 6.50 8.53 7.58 6.65
14383980 station.222 6.54 6.01 6.86 7.68 5.62
14383980 station.223
14383980 station.224 6.56 6.10 6.82 7.97 5.33
14383980 station.225 7.29 7.16 8.11 6.47 7.43
14383980 station.226 8.03 7.44 8.35 8.18 8.16
14383980 station.227 6.78 6.19 7.86 7.84 5.24
14383980 station.228 7.56 7.25 8.29 7.18 7.55
14383980 station.229 7.36 6.66 7.75 8.10 6.92
14383980 station.230
14383980 station.231 6.95 5.31 7.65 7.23 7.60
14383980 station.232 7.63 7.04 7.54 8.51 7.44
14383980 station.233 7.24 6.57 7.82 8.19 6.40
14383980 station.234 6.41 6.08 7.06 6.32 6.19
14383980 station.235 7.49 7.17 8.53 7.43 6.84
14383980 station.236 6.27 4.49 6.57 7.33 6.69
14383980 station.237 6.91 5.76 7.55 7.64 6.71
14383980 station.238 7.75 7.58 8.43 7.28 7.71
14383980 station.239 7.35 6.76 8.66 7.90 6.07
14383980 station.240 6.54 5.95 8.35 7.08 4.76
14383980 station.241 7.32 6.45 8.74 6.55 7.55
14383980 station.242 7.17 6.60 6.93 7.79 7.35
14383980 station.243 7.75 7.04 8.17 8.25 7.53
14383980 station.244
14383980 station.245 8.28 7.69 8.78 8.39 8.27
14383980 station.246 6.33 4.94 7.14 5.49 7.75
14383980 station.247 7.99 8.19 8.10 8.03 7.63
14383980 station.248 7.30 7.03 7.27 7.79 7.12
14383980 station.249 6.77 5.62 5.94 8.92 6.59
14383980 station.250 7.43 6.88 7.16 7.47 8.21
14383980 station.251 5.41 4.95 7.66 5.28 3.75
14383980 station.252 8.17 8.29 7.75 7.99 8.67
14383980 station.253 4.83 4.52 6.49 4.05 4.26
14383980 station.254 7.25 6.68 7.67 8.13 6.51
14383980 station.255 5.53 5.14 8.26 4.36 4.38
14383980 station.256
14383980 station.257 6.43 5.34 7.73 7.77 4.87
14383980 station.258 5.38 4.91 6.36 5.33 4.92
14383980 station.259 6.35 5.64 6.15 7.67 5.92
14383980 station.260 8.16 7.67 9.30 8.34 7.33
14383980 station.261 7.44 7.02 8.20 7.73 6.80
14383980 station.262 7.36 7.39 7.33 8.33 6.38
14383980 station.263 7.23 6.71 8.31 7.29 6.60
14383980 station.264 6.29 6.90 7.94 4.69 5.63
14383980 station.265
14383980 station.266
14383980 station.267 6.99 6.61 8.01 6.65 6.71
14383980 station.268 6.88 5.85 7.66 8.05 5.97
14383980 station.269
14383980 station.270 6.45 5.72 6.39 5.48 8.22
14383980 station.271
14383980 station.272 5.75 5.53 6.53 5.80 5.14
14383980 station.273 6.21 5.78 8.28 4.75 6.04
14383980 station.274 5.25 4.88 6.74 4.24 5.15
14383980 station.275
14383980 station.276
14383980 station.277 5.77 4.79 5.70 6.85 5.75
14383980 station.278
14383980 station.279
14383980 station.280
14383980 station.281
14383980 station.282
14383980 station.283
14383980 station.284
14383980 station.285
14383980 station.286
14383980 station.287 8.12 7.64 9.06 7.93 7.84
14383980 station.288 6.59 5.92 6.38 7.30 6.78
14383980 station.289
14383980 station.290
14383980 station.291
14383980 station.292
14383980 station.293
14383980 station.294
14383980 station.295 6.70 6.90 6.64 6.63 6.61
14383980 station.296
14383980 station.297 6.81 6.96 6.46 6.57 7.24
14383980 station.298
14383980 station.299
14383980 station.300 6.05 5.81 8.21 5.91 4.27
14383980 station.301 8.48 8.46 8.31 8.76 8.39
14383980 station.302 5.47 4.75 6.13 6.75 4.23
14383980 station.303
14383980 station.304 7.06 6.56 8.33 6.86 6.48
14383980 station.305 7.46 7.30 8.35 7.03 7.14
14383980 station.306 6.92 6.69 8.24 7.16 5.61
14383980 station.307 5.97 5.94 6.24 5.99 5.72
14383980 station.308 7.89 7.58 7.84 8.45 7.70
14383980 station.309 7.28 6.90 8.09 7.87 6.25
14383980 station.310 7.17 6.90 7.43 6.22 8.14
14383980 station.311 5.48 4.48 7.31 5.83 4.30
14383980 station.312 8.29 7.72 8.95 8.38 8.09
14383980 station.313 8.25 7.53 9.11 8.75 7.63
14383980 station.314 7.54 6.72 7.60 7.93 7.92
14383980 station.315
14383980 station.316 5.54 4.85 6.73 6.48 4.08
14383980 station.317 7.38 6.79 6.85 8.03 7.82
14383980 station.318
14383980 station.319 7.10 5.96 6.87 7.22 8.32
14383980 station.320 5.03 4.89 5.30 4.70 5.25
14383980 station.321 6.59 4.94 6.62 7.78 7.01
14383980 station.322 6.57 6.10 8.14 6.39 5.65
14383980 station.323 7.34 6.12 7.99 8.94 6.32
14383980 station.324 6.68 6.99 6.14 6.43 7.18
14383980 station.325 7.24 6.82 7.79 6.84 7.53
14383980 station.326 7.92 7.93 7.94 8.66 7.15
14383980 station.327 6.41 5.52 7.21 7.71 5.19
14383980 station.328 7.63 6.82 8.11 8.69 6.88
14383980 station.329 7.13 6.68 8.25 8.65 4.93
14383980 station.330
14383980 station.331 5.43 4.48 6.34 6.76 4.15
14383980 station.332 4.38 4.87 4.97 4.16 3.53
14383980 station.333 6.74 5.79 5.35 7.22 8.61
14383980 station.334 8.44 8.30 8.66 8.22 8.58
14383980 station.335 4.95 4.47 6.31 3.71 5.31
14383980 station.336 7.45 7.12 8.36 6.80 7.53
14383980 station.337 5.71 5.14 4.53 7.14 6.04
14383980 station.338
14383980 station.339
14383980 station.340
14383980 station.341 4.34 3.56 6.49 4.69 2.63
14383980 station.342 6.89 7.04 7.77 5.44 7.31
14383980 station.343 7.05 6.85 7.75 6.97 6.63
14383980 station.344 5.77 5.74 8.10 4.67 4.55
14383980 station.345
14383980 station.346 7.56 7.59 8.44 6.00 8.20
14383980 station.347
14383980 station.348 6.59 6.64 6.43 6.50 6.79
14383980 station.349 7.53 7.39 7.75 8.39 6.61
14383980 station.350 7.72 7.55 8.65 7.92 6.76
14383980 station.351 4.26 4.09 3.36 6.88 2.74
14383980 station.352 6.59 5.85 6.45 7.77 6.30
14383980 station.353
14383980 station.354 7.11 7.21 5.90 6.97 8.37
14383980 station.355
14383980 station.356
14383980 station.357
14383980 station.358
14383980 station.359
14383980 station.360
14383980 station.361
14383980 station.362
14383980 station.363
14383980 station.364
14383980 station.365
14383980 station.366
14383980 station.367 6.20 5.81 6.83 6.11 6.04
14383980 station.368 4.10 3.53 1.59 4.96 6.31
14383980 station.369 7.13 7.47 6.31 6.81 7.92
14383980 station.370
14383980 station.371
14383980 station.372
14383980 station.373 7.19 7.36 7.82 6.51 7.07
14383980 station.374 6.21 5.81 7.53 6.51 5.00
14383980 station.375
14383980 station.376
14383980 station.377
14383980 station.378 7.41 7.15 7.31 7.75 7.44
14383980 station.379
14383980 station.380
14383980 station.381
14383980 station.382
14383980 station.383 5.00 4.93 5.66 4.44 4.99
14383980 station.384 5.94 5.42 8.14 5.85 4.34
14383980 station.385
14383980 station.386 7.05 6.75 8.23 7.61 5.62
14383980 station.387 5.69 4.55 7.72 6.63 3.88
14383980 station.388
14383980 station.389
14383980 station.390
14383980 station.391
14383980 station.392
14383980 station.393
14383980 station.394
14383980 station.395
14383980 station.396
14383980 station.397
14383980 station.398
14383980 station.399
14383980 station.400
14383980 station.401
14383980 station.402
14383980 station.403
14383980 station.404
14383980 station.405
14383980 station.406 7.66 7.19 8.52 7.93 7.02
14383980 station.407 6.38 6.11 6.55 6.14 6.71
14383980 station.408
14383980 station.409
14383980 station.410
14383980 station.411
14383980 station.412
14383980 station.413 7.87 7.19 8.43 8.10 7.74
14383980 station.414
14383980 station.415
14383980 station.416
14383980 station.417
14383980 station.418
14383980 station.419
14383980 station.420 4.82 3.93 5.21 4.70 5.45
14383980 station.421
14383980 station.422
14383980 station.423 7.58 7.48 8.04 8.27 6.53
14383980 station.424 6.62 6.99 8.34 3.43 7.71
14383980 station.425
14383980 station.426
14383980 station.427 7.14 7.70 7.10 6.04 7.71
14383980 station.428 5.08 4.59 3.57 6.44 5.71
14383980 station.429 7.18 6.19 8.34 7.39 6.81
14383980 station.430 4.52 4.27 4.79 5.22 3.78
14383980 station.431 5.70 4.23 8.26 5.28 5.03
14383980 station.432 5.19 5.08 3.77 6.05 5.86
14383980 station.433 4.09 2.98 5.11 4.95 3.33
14383980 station.434
14383980 station.435 4.97 4.37 4.82 4.44 6.26
14383980 station.436 4.61 4.34 5.65 4.04 4.43
14383980 station.437 5.66 5.47 5.46 4.50 7.22
14383980 station.438 7.80 7.76 8.33 8.50 6.62
14383980 station.439 8.26 8.39 8.48 7.70 8.46
14383980 station.440 6.87 6.38 7.56 8.00 5.53
14383980 station.441
14383980 station.442 6.86 6.11 5.41 8.20 7.72
14383980 station.443 6.85 6.78 6.89 6.84 6.88
14383980 station.444 6.92 5.97 7.27 7.85 6.61
14383980 station.445 6.07 4.73 6.26 6.82 6.49
14383980 station.446 5.52 5.04 4.36 5.63 7.07
14383980 station.447 7.11 7.03 8.04 7.14 6.22
14383980 station.448 6.88 6.92 6.44 5.74 8.41
14383980 station.449 7.27 6.71 7.67 7.59 7.12
14383980 station.450 6.89 6.50 8.29 7.57 5.21
14383980 station.451 7.12 6.87 7.55 6.53 7.53
14383980 station.452 6.90 6.30 6.69 7.13 7.47
14383980 station.453 7.62 7.29 7.95 7.81 7.43
14383980 station.454 7.97 7.76 8.48 8.48 7.14
14383980 station.455
14383980 station.456
14383980 station.457 5.97 5.41 6.12 6.60 5.78
14383980 station.458 5.88 5.07 5.60 7.42 5.43
14383980 station.459 5.93 6.68 7.28 3.19 6.56
14383980 station.460 6.81 6.88 7.15 8.14 5.07
14383980 station.461 6.79 7.67 7.03 6.82 5.63
14383980 station.462 4.97 4.26 5.59 5.42 4.65
14383980 station.463 6.71 6.88 6.22 7.10 6.64
14383980 station.464 7.18 6.10 6.44 7.53 8.65
14383980 station.465 4.05 3.66 4.14 5.44 2.96
14383980 station.466
14383980 station.467 6.48 6.63 7.33 6.14 5.84
14383980 station.468 6.82 6.47 6.99 7.82 6.01
14383980 station.469 6.35 6.58 6.74 6.67 5.42
14383980 station.470 6.65 5.25 7.31 8.95 5.08
14383980 station.471 7.25 6.61 6.77 8.94 6.66
14383980 station.472 6.63 5.96 8.63 7.64 4.31
14383980 station.473 6.31 7.12 5.58 7.23 5.28
14383980 station.474 6.41 6.36 7.89 4.38 7.00
14383980 station.475
14383980 station.476 6.69 7.31 6.77 5.76 6.94
14383980 station.477 6.39 6.03 5.48 7.75 6.31
14383980 station.478
14383980 station.479 7.34 7.01 7.27 6.64 8.44
14383980 station.480
14383980 station.481 6.82 6.74 7.78 7.24 5.49
14383980 station.482 7.27 6.99 6.95 7.71 7.42
14383980 station.483 7.90 7.81 8.24 8.21 7.35
14383980 station.484
14383980 station.485 7.05 6.79 7.22 6.48 7.71
14383980 station.486 6.21 6.79 3.77 7.10 7.19
14383980 station.487 6.48 6.86 5.95 5.47 7.63
14383980 station.488 6.28 6.69 7.47 5.12 5.85
14383980 station.489
14383980 station.490 5.74 5.19 6.62 6.36 4.80
14383980 station.491
14383980 station.492
14383980 station.493 5.48 5.72 3.54 5.88 6.79
14383980 station.494 6.98 7.60 7.46 5.84 7.03
14383980 station.495
14383980 station.496 6.96 7.41 6.36 6.56 7.50
14383980 station.497
14383980 station.498 5.94 5.56 8.41 5.54 4.23
14383980 station.499
14383980 station.500
14383980 station.501
14383980 station.502
14383980 station.503
14383980 station.504 5.62 5.47 6.63 4.52 5.84
14383980 station.505
14383980 station.506
14383980 station.507 5.19 5.34 5.26 4.37 5.79
14383980 station.508
14383980 station.509
14383980 station.510
14383980 station.511
14383980 station.512 6.06 5.36 7.09 6.04 5.75
14383980 station.513
14383980 station.514
14383980 station.515 7.44 6.72 8.74 7.72 6.58
14383980 station.516
14383980 station.517
14383980 station.518 6.66 6.13 7.86 7.54 5.11
14383980 station.519
14383980 station.520
14383980 station.521
14383980 station.522
14383980 station.523 6.03 6.73 5.09 5.93 6.36
14383980 station.524
14383980 station.525 7.07 7.60 8.78 5.11 6.78
14383980 station.526
14383980 station.527
14383980 station.528 6.08 6.20 7.44 4.95 5.73
14383980 station.529
14383980 station.530
14383980 station.531
14383980 station.532
14383980 station.533
14383980 station.534
14383980 station.535 6.15 6.10 6.35 5.98 6.17
14383980 station.536
14383980 station.537
14383980 station.538
14383980 station.539
14383980 station.540
14383980 station.541 6.00 5.64 5.78 7.40 5.17
14383980 station.542
14383980 station.543
14383980 station.544
14383980 station.545
14383980 station.546
14383980 station.547
14383980 station.548
14383980 station.549 4.20 4.17 4.56 4.36 3.70
14383980 station.550
14383980 station.551 7.47 7.55 7.50 8.39 6.46
14383980 station.552
14383980 station.553 7.11 6.69 7.42 8.10 6.23
14383980 station.554
14383980 station.555
14383980 station.556
14383980 station.557
14383980 station.558
14383980 station.559
14383980 station.560
14383980 station.561
14383980 station.562
14383980 station.563
14383980 station.564
14383980 station.565
14383980 station.566
14383980 station.567
14383980 station.568
14383980 station.569
14383980 station.570
14383980 station.571
14383980 station.572
14383980 station.573
14383980 station.574
14383980 station.575 7.08 6.70 8.10 8.21 5.35
14383980 station.576
14383980 station.577
14383980 station.578
14383980 station.579 7.63 7.74 7.31 8.23 7.23
14383980 station.580
14383980 station.581
14383980 station.582
14383980 station.583
14383980 station.584
14383980 station.585
14383980 station.586 6.43 5.79 7.26 7.48 5.20
14383980 station.587
14383980 station.588
14383980 station.589 7.40 7.73 7.54 6.75 7.56
14383980 station.590 6.55 7.18 7.77 5.15 6.09
14383980 station.591
14383980 station.592
14383980 station.593
14383980 station.594
14383980 station.595
14383980 station.596
14383980 station.597
14383980 station.598
14383980 station.599
14383980 station.600
14383980 station.601
14383980 station.602
14383980 station.603 6.30 6.41 7.48 6.25 5.06
14383980 station.604
14383980 station.605
14383980 station.606
14383980 station.607 6.85 6.60 8.35 6.46 6.00
14383980 station.608
14383980 station.609
14383980 station.610
14383980 station.611
14383980 station.612
14383980 station.613
14383980 station.614
14383980 station.615
14383980 station.616
14383980 station.617
14383980 station.618
14383980 station.619
14383980 station.620 5.31 5.35 5.76 4.02 6.11
14383980 station.621
14383980 station.622
14383980 station.623
14383980 station.624
14383980 station.625
14383980 station.626
14383980 station.627 7.41 7.68 7.30 7.14 7.54
14383980 station.628 7.18 7.40 7.76 6.57 6.97
14383980 station.629
14383980 station.630 7.31 6.90 9.26 6.55 6.55
14383980 station.631 6.05 5.66 5.33 6.01 7.19
14383980 station.632
14383980 station.633
14383980 station.634 7.63 7.81 7.56 6.84 8.33
14383980 station.635
14383980 station.636
14383980 station.637
14383980 station.638
14383980 station.639 5.90 6.02 4.57 5.53 7.48
14383980 station.640
14383980 station.641
14383980 station.642
14383980 station.643
14383980 station.644
14383980 station.645
14383980 station.646 5.97 5.78 3.17 8.13 6.80
14383980 station.647
14383980 station.648 5.27 5.28 7.02 2.21 6.56
14383980 station.649
14383980 station.650
14383980 station.651
14383980 station.652
14383980 station.653
14383980 station.654 7.64 7.08 8.40 7.95 7.13
14383980 station.655
14383980 station.656
14383980 station.657 6.83 6.24 7.28 8.16 5.63
14383980 station.658
14383980 station.659
14383980 station.660 6.82 6.92 7.22 5.46 7.67
14383980 station.661
14383980 station.662
14383980 station.663 5.80 5.22 7.84 5.70 4.45
14383980 station.664
14383980 station.665
14383980 station.666
14383980 station.667
14383980 station.668
14383980 station.669
14383980 station.670
14383980 station.671 4.63 4.37 4.96 4.77 4.41
14383980 station.672
14383980 station.673
14383980 station.674
14383980 station.675
14383980 station.676 6.38 6.15 8.22 5.70 5.46
14383980 station.677 4.24 4.30 2.57 4.15 5.94
14383980 station.678 5.17 4.95 6.46 5.29 4.00
14383980 station.679
14383980 station.680
14383980 station.681 6.07 6.02 3.76 5.97 8.53
14383980 station.682
14383980 station.683 5.77 5.15 3.47 6.33 8.10
14383980 station.684
14383980 station.685
14383980 station.686 6.93 7.18 5.95 6.94 7.63
14383980 station.687
14383980 station.688 6.00 6.40 4.41 7.81 5.38
14383980 station.689
14383980 station.690
14383980 station.691 7.54 7.67 7.69 6.93 7.88
14383980 station.692
14383980 station.693 5.96 6.21 6.80 5.41 5.43
14383980 station.694
14383980 station.695 5.25 5.21 3.60 6.33 5.86
14383980 station.696
14383980 station.697
14383980 station.698
14383980 station.699
14383980 station.700
14383980 station.701
14383980 station.702
14383980 station.703
14383980 station.704
14383980 station.705
14383980 station.706
14383980 station.707
14383980 station.708
14383980 station.709
14383980 station.710
14383980 station.711
14383980 station.712
14383980 station.713
14383980 station.714
14383980 station.715
14383980 station.716
14383980 station.717
14383980 station.718
14383980 station.719
14383980 station.720
14383980 station.721
14383980 station.722
14383980 station.723
14383980 station.724
14383980 station.725
14383980 station.726
14383980 station.727
14383980 station.728
14383980 station.729
14383980 station.730
14383980 station.731
14383980 station.732
14383980 station.733
14383980 station.734
14383980 station.735
14383980 station.736
14383980 station.737
14383980 station.738
14383980 station.739
14383980 station.740
14383980 station.741
14383980 station.742
14383980 station.743
14383980 station.744
14383980 station.745
14383980 station.746
14383980 station.747
14383980 station.748
14383980 station.749
14383980 station.750 6.51 6.80 7.39 5.98 5.87
14383980 station.751
14383980 station.752
14383980 station.753
14383980 station.754 6.58 6.77 5.25 7.17 7.15
14383980 station.755
14383980 station.756 6.74 7.35 6.12 5.92 7.57
14383980 station.757
14383980 station.758 6.97 6.77 7.91 7.04 6.14
14383980 station.759
14383980 station.760
14383980 station.761 6.04 6.38 6.46 7.15 4.15
14383980 station.762 6.53 7.08 6.38 5.78 6.88
14383980 station.763 6.33 6.17 7.65 7.19 4.30
14383980 station.764
14383980 station.765 7.45 7.68 7.36 6.70 8.04
14383980 station.766 6.16 5.93 7.00 6.98 4.72
14383980 station.767 6.09 5.84 6.96 6.92 4.66
14383980 station.768 6.17 6.26 7.77 3.62 7.04
14383980 station.769
14383980 station.770
14383980 station.771
14383980 station.772 3.98 3.84 5.64 3.07 3.36
14383980 station.773
14383980 station.774
14383980 station.775
14383980 station.776
14383980 station.777
14383980 station.778
14383980 station.779
14383980 station.780
14383980 station.781 7.06 7.04 6.70 6.80 7.69
14383980 station.782
14383980 station.783
14383980 station.784
14383980 station.785
14383980 station.786
14383980 station.787
14383980 station.788 7.89 8.14 7.77 7.40 8.24
14383980 station.789
14383980 station.790 6.75 6.78 7.22 8.10 4.87
14383980 station.791
14383980 station.792
14383980 station.793
14383980 station.794 6.72 6.83 7.37 6.20 6.47
14383980 station.795
14383980 station.796 5.47 5.64 4.48 5.42 6.37
14383980 station.797
14383980 station.798
14383980 station.799
14383980 station.800 6.96 6.80 7.98 6.72 6.34
14383980 station.801 6.61 6.62 6.22 6.88 6.74
14383980 station.802
14383980 station.803
14383980 station.804 6.27 5.71 7.98 6.12 5.27
14383980 station.805
14383980 station.806
14383980 station.807 6.75 6.42 8.07 6.87 5.61
14383980 station.808
14383980 station.809
14383980 station.810
14383980 station.811
14383980 station.812
14383980 station.813
14383980 station.814
14383980 station.815
14383980 station.816
14383980 station.817
14383980 station.818
14383980 station.819 7.45 7.84 6.01 7.92 8.04
14383980 station.820
14383980 station.821
14383980 station.822 7.30 6.94 8.89 6.96 6.40
14383980 station.823
14383980 station.824
14383980 station.825
14383980 station.826
14383980 station.827
14383980 station.828
14383980 station.829 3.90 3.39 3.53 4.97 3.69
14383980 station.830
14383980 station.831
14383980 station.832
14383980 station.833 3.73 4.40 3.18 3.37 3.95
14383980 station.834 7.04 7.47 4.99 7.46 8.25
14383980 station.835
14383980 station.836
14383980 station.837
14383980 station.838
14383980 station.839
14383980 station.840
14383980 station.841