0   0
0	6894.427688
52.90551255	6894.427688
135.4902397	6835.18609
259.5598033	6767.365637
321.5967666	6733.600391
529.2417597	6691.314924
632.3784213	6606.601704
715.424863	6589.793566
797.9415238	6530.49837
880.5284894	6471.116975
1441.527052	6378.413519
1628.2492	6319.251777
1710.77117	6259.963021
2126.100842	6175.599314
2228.650142	6048.49614
2290.765136	6014.655047
2498.507234	5972.468409
2561.607707	6023.407188
2603.099848	6014.982257
2830.799696	5904.92706
2935.465362	5947.503063
3081.096124	5939.166766
3102.177547	5956.186536
3206.315716	5956.275089
3269.416262	6007.219845
3837.300862	6465.746083
3983.005568	6457.484526
4341.017746	6788.667369
4403.661542	6797.1883
4549.295916	6788.879441
4654.474796	6873.82553
4758.61452	6873.934909
4821.188907	6882.54566
5029.40017	6882.856339
5342.272157	6925.635859
5633.177372	6866.676189
5716.760522	6892.262571
5820.904614	6892.384759
5904.487967	6917.973089
6195.331648	6859.118077
6299.992807	6901.59438
6549.271257	6851.099636
6633.44216	6919.102053
7298.226249	6784.4117
7381.813397	6810.015018
7527.538206	6801.813606
7797.397931	6725.890249
7859.979266	6734.523359
7880.986516	6751.498607
8026.643173	6743.24734
8068.729259	6777.256765
8214.38693	6769.008709
8235.465765	6786.042889
8443.706764	6786.435129
8527.3662	6811.963559
8776.67361	6761.529614
8818.759542	6795.543259
8964.421827	6787.307721
9027.514558	6838.300881
9235.32283	6796.274251
9277.408531	6830.290473
9568.231246	6771.485344
9589.818065	6830.875259
9735.484982	6822.652649
9777.570497	6856.671682
10131.05611	6806.446305
10214.64891	6832.078602
10401.96905	6815.449612
10485.56234	6841.084688
10734.89438	6790.704964
10818.48853	6816.343415
10984.80688	6782.743129
11089.40852	6825.368383
11130.98939	6817.041572
11235.15664	6817.22861
11277.17039	6851.198118
11506.00929	6826.208703
11589.67646	6851.913045
11797.44004	6809.887415
11839.5255	6843.918058
11943.69558	6844.113665
12027.29182	6869.764527
12235.63371	6870.161624
12277.21694	6861.84014
12361.31529	6929.849066
12528.07729	6938.719079
12633.25272	7023.777367
12716.34716	7006.936075
12757.93122	6998.61697
12842.02793	7066.631264
12987.78548	7058.521461
13134.97083	7177.566075
13177.05407	7211.604195
13281.22777	7211.816735
13407.40454	7313.876257
13595.17478	7339.759198
13826.02153	7484.543533
13909.11986	7467.714328
13971.71081	7476.393582
14035.29204	7569.784339
14181.05376	7561.696165
14391.31302	7731.802261
14412.38885	7748.853788
14413.86946	7876.06489
14582.1129	8012.189165
14603.6077	8071.538595
14604.59175	8156.393749
14647.15984	8232.795213
14650.59393	8529.713728
14671.59575	8546.707929
14755.6742	8614.743313
14778.21358	8759.004401
14861.80208	8784.686309
14986.97539	8801.917904
15470.55948	9193.284533
15595.8036	9210.584106
15658.39079	9219.277877
15700.94549	9295.684756
15846.15128	9245.217476
15909.2219	9296.268196
16179.6039	9263.054494
16262.7794	9246.309301
16304.85039	9280.36474
16450.54332	9272.262425
16534.6131	9340.317625
16701.37818	9349.277209
16785.51871	9417.393231
16827.517	9451.393569
16931.21375	9409.299387
16994.28284	9460.359234
17077.46129	9443.622015
17161.529	9511.684222
17307.29746	9503.654984
17390.88586	9529.363551
17474.95254	9597.429262
17599.65203	9572.345091
17766.42155	9581.326173
17953.7835	9564.870603
18037.3728	9590.585843
18307.7786	9557.43892
18728.79079	9940.359515
18874.49458	9932.299805
19652.30448	10562.31413
19777.01412	10537.26353
20008.25211	10724.59213
20111.96799	10682.53763
20154.03039	10716.61455
20301.13972	10835.79852
20405.32367	10836.10525
20467.91407	10844.83655
20676.6791	10887.89963
20801.39399	10862.86434
21072.8939	10914.64324
21551.23717	10839.87941
21592.76336	10831.54757
21697.88076	10916.73208
21885.19512	10900.45282
22030.51994	10850.00324
22114.10849	10875.76155
22343.02449	10851.07602
22426.61366	10876.83753
22572.40614	10868.90062
22677.4512	10954.04084
22760.64987	10937.35952
22886.29989	10997.21766
22969.42768	10980.48029
23032.55417	11031.64889
23136.21735	10989.5706
23220.33801	11057.75867
23324.00235	11015.68254
23387.05685	11066.79604
23470.25823	11050.12152
23574.91411	11092.9719
23848.1201	11314.45727
23870.55521	11458.76103
23954.59867	11526.89915
23996.65593	11560.99761
24100.32478	11518.93188
24163.37482	11570.05184
24246.57821	11553.3857
24246.57821	11553.3857
24246.57821	11553.3857
24413.8245	11604.86356
24539.08573	11622.30131
24560.07827	11639.3231
24686.17572	11741.57126
24790.30301	11742.01926
24978.61253	11810.58971
25082.81078	11810.9549
25187.39066	11853.769
25207.93132	11828.43142
25270.59766	11837.11297
25333.64482	11888.24275
25521.4323	11914.40666
25626.91277	12042.09398
25689.12976	12008.41744
25793.32991	12008.79164
26066.50046	12230.35741
26379.55168	12274.00536
26463.58538	12342.17152
26588.77886	12359.72784
26713.9712	12377.14148
26818.17364	12377.52885
26881.21596	12428.6716
27296.62541	12303.09106
27526.47231	12363.41826
27610.57647	12431.65544
27735.32936	12406.72135
27798.37134	12457.87184
27881.44605	12441.2696
27944.1154	12449.97168
28028.2185	12518.21354
28278.17142	12510.72261
28341.21244	12561.87767
28632.77859	12546.15663
28800.90996	12682.59862
28925.66942	12657.68183
29030.75919	12742.969
29176.50909	12735.09031
29407.67372	12922.70845
29553.42479	12914.83666
29637.5223	12983.09654
29741.73368	12983.52044
29783.78212	13017.65132
29909.85462	13119.98719
30055.60753	13112.12445
30223.72541	13248.59822
30246.01526	13392.87372
30435.18503	13546.44798
30477.59184	13623.03341
30458.33258	13775.59623
30479.6794	13835.08496
30836.5047	14082.64349
30940.71516	14083.08444
31108.38253	14177.21354
31191.96612	14203.0683
31233.57853	14194.69838
31359.63028	14297.05832
31484.39982	14272.18278
31526.44068	14306.32332
31775.98267	14256.57851
32175.18437	14580.79323
32301.22923	14683.16894
32343.26766	14717.31403
32446.98676	14675.35158
32531.06348	14743.64364
32909.18395	15050.79491
33075.99683	15060.09268
33244.06877	15196.63355
33412.13751	15333.17814
33516.35197	15333.65302
34839.66455	16408.99567
34902.26169	16417.84043
35006.47651	16418.33582
35279.4772	16640.23535
35446.2897	16649.58487
35571.89138	16709.6498
35697.08488	16727.20674
35781.13741	16795.53495
35905.92545	16770.72961
35989.90586	16839.00196
36156.72089	16848.36598
36282.7256	16950.80817
36304.1778	17010.28662
36305.3896	17137.5281
36493.98622	17248.83023
36660.7289	17258.14731
36828.74902	17394.76794
36954.01364	17412.40334
37080.0084	17514.85881
37246.82379	17524.24644
37246.82379	17524.24644
37288.3746	17515.99483
37392.59346	17516.52152
37476.16632	17542.44426
37601.4324	17560.08961
37622.40734	17577.14778
37809.40298	17518.72717
37955.5754	17553.52288
38246.86873	17495.7039
38413.61998	17505.05585
38476.21995	17513.92836
38663.69292	17497.95028
38747.2685	17523.88598
38976.29802	17499.66977
39059.87423	17525.60867
39309.48698	17476.09523
39413.71447	17476.64603
39518.33837	17519.71113
39663.79816	17469.56884
39747.37598	17495.51472
39976.41621	17471.32405
40080.96971	17514.33823
41183.47894	17274.60825
41454.09604	17242.22022
41932.41332	17126.25665
42099.65327	17178.10849
42224.47959	17153.39139
42328.33067	17111.6044
42432.89247	17154.64882
42516.5484	17180.53627
42517.32864	17265.42485
42580.71585	17359.07128
42581.49419	17443.95951
42520.05137	17562.31614
42500.17079	17672.58944
42397.16524	17799.17291
42418.91423	17901.13119
42544.89958	18003.67891
42525.08435	18113.86407
42734.64463	18242.39076
42777.04582	18318.96504
42798.78692	18420.92374
42862.22978	18514.62933
42905.70523	18718.54628
42761.43718	18895.8003
42741.99172	19048.35164
42680.08163	19124.41585
42641.18292	19429.51495
42600.38259	19522.6222
42601.51945	19649.87326
42581.99353	19802.5066
42603.71765	19904.46016
42584.25809	20057.00577
42584.25809	20057.00577
42606.35496	20201.32663
42711.33338	20286.80434
42712.45908	20414.05259
42775.73388	20507.78235
42776.17929	20550.20832
42797.51898	20609.64855
42986.49716	20763.53742
43007.76452	20823.06448
43008.57973	20907.85773
43302.4444	21147.17933
43345.11337	21266.20675
43534.44238	21462.47644
43556.14245	21564.43003
44017.89344	21940.55347
44060.98306	22102.00937
44312.80538	22307.15965
44354.79891	22341.3716
44358.7766	22807.98219
44380.09604	22867.42531
44401.77559	22969.37912
44443.76528	23003.59151
44465.44292	23105.54525
44528.74846	23199.20121
44550.49491	23301.2131
44655.78489	23429.0831
44635.82615	23539.1886
44824.72749	23693.1227
44825.01215	23735.57449
44825.36692	23777.93992
44846.74966	23837.44175
44993.58772	23957.10715
45139.43483	23949.59287
45244.35862	24035.10527
45810.79669	24496.79247
45831.82286	24513.93168
45956.64535	24489.29376
46040.1866	24515.31205
46502.09406	24933.95174
46606.31142	24934.60723
46710.80415	24977.71603
47151.38366	25336.94655
47255.60156	25337.61083
47505.9441	25373.25884
47695.06594	25569.57265
47675.13622	25679.72882
47800.98556	25782.36293
47822.27657	25841.95974
47822.61535	25884.32545
48053.69229	26114.87913
48054.36733	26199.75482
48809.45333	26815.68684
48892.72227	26799.28521
49290.82304	27081.9796
49291.81358	27209.2207
49375.67165	27277.6417
49357.35541	27599.90614
49295.75828	27718.17986
49277.03128	27998.01639
49319.3172	28074.62004
49465.81535	28152.06627
49467.1143	28321.66759
50137.74745	28826.88659
50410.66585	29091.75432
50494.18385	29117.82352
50640.34915	29152.78406
50891.92454	29358.15266
51016.76084	29333.60283
51058.71334	29367.8519
51100.59416	29402.04286
51101.61285	29529.33847
51478.95343	29837.41762
51645.74133	29847.13003
51771.51774	29949.83011
51917.29617	29942.39242
51980.18375	29993.74448
52315.62422	30267.6699
52399.44661	30336.12442
52379.43546	30446.26285
52442.31863	30497.61875
53385.58371	31268.07862
53552.36991	31277.83337
54055.36434	31688.77379
54118.23662	31740.14371
54119.20402	31867.43933
54182.30187	31961.26007
54182.96784	32046.04646
54329.63806	32165.89336
54371.574	32200.16087
54351.53018	32310.29242
54540.12943	32464.411
54561.65002	32566.3881
54582.94625	32625.91526
55022.98559	32985.54603
55085.55582	32994.56038
55189.7657	32995.33899
55399.27636	33166.58603
55545.34628	33201.72909
55649.84555	33244.87762
55754.05742	33245.80822
55816.91607	33297.1923
55880.34896	33433.30473
55964.20584	33501.85728
55965.06591	33629.09314
56237.4119	33851.74935
56259.26386	33996.15287
56426.89231	34133.20886
56469.5931	34294.66436
56762.63044	34492.14502
56887.76478	34510.05911
57097.3027	34681.41181
57180.79514	34707.55603
57285.00457	34708.36409
57389.49341	34751.68166
57557.03278	34888.70452
57661.2428	34889.51755
58666.76869	35712.03935
58770.7082	35670.50395
58959.21916	35824.73348
59042.70739	35850.89812
59126.267	35877.12206
59272.66108	35954.61532
59376.53279	35913.02906
59418.44684	35947.32476
59460.36069	35981.62069
59522.65893	35948.16279
59585.22623	35957.21414
59689.97461	36042.92756
59794.18732	36043.76908
59898.5966	36087.06254
59940.17183	36078.93823
60044.11903	36037.41817
60231.89289	36064.35483
60378.21573	36141.95514
60482.43076	36142.80517
60586.91185	36186.16616
60670.20693	36169.89656
60816.52898	36247.50518
61107.85344	36190.6142
61357.93892	36184.274
61378.3324	36116.52163
61440.90282	36125.58694
61587.03507	36160.75761
61691.25502	36161.62218
61753.82589	36170.68986
61899.62567	36163.44121
62003.8469	36164.30952
62045.75939	36198.62006
62378.8243	36133.62723
62504.15842	36194.08191
62649.70237	36144.47842
62816.3103	36111.9775
62858.22306	36146.29264
62920.725	36155.31049
63462.00069	36049.75085
63566.4173	36093.0922
63608.14207	36084.95699
63670.38719	36051.61173
63711.78207	36001.0498
63815.75294	35959.57055
63981.52248	35799.77935
64106.41689	35775.43417
64168.99432	35784.51925
64190.43393	35886.53491
64253.52705	35980.35952
64295.44051	36014.68281
64399.41502	35973.20998
64483.17041	36041.79997
64795.35629	35959.76082
64899.77647	36003.11946
65004.01097	36004.02331
65482.95054	35931.94649
65482.95054	35931.94649
65566.0112	35873.35019
65690.91522	35849.02703
65877.12155	35621.65689
65876.60831	35536.769
65938.86265	35503.43661
66106.45463	35640.71099
66107.22089	35767.97074
66648.58881	35662.59406
66689.99489	35612.04148
66814.90687	35587.73272
66939.05594	35436.16226
67063.97011	35411.85623
67188.12056	35260.28697
67229.71193	35252.19489
67292.55247	35303.67601
67750.6325	35214.56848
67813.47334	35266.05403
68229.97214	35185.05956
68292.05355	35109.2801
68666.82752	35036.41868
68728.91094	34960.64091
69062.099	34895.87971
69124.1842	34820.10343
69374.04513	34771.54808
69415.45967	34721.00261
69665.32494	34672.45447
69727.41282	34596.68045
70019.02288	34540.03204
70019.77934	34667.3091
70061.70015	34701.66512
70062.38357	34829.02775
70188.07117	34932.03867
70210.31444	35161.27631
70252.23239	35195.63336
70252.97841	35322.90846
70378.65744	35425.92249
70358.1589	35493.61229
70192.54521	35695.68667
70130.20251	35729.07782
69899.77534	35540.20873
69837.18514	35531.08155
69858.4266	35590.66421
70088.85217	35779.53199
70068.35265	35847.22102
69901.82512	35879.56304
69838.98973	35828.05986
69797.25169	35836.16685
69776.82444	35903.91444
69839.65918	35955.41708
69839.90518	35997.79246
69777.8096	36073.56025
69736.21394	36081.63962
69589.80113	36003.95041
69548.13438	36011.97221
69548.45214	36054.40572
69736.95114	36208.90935
69716.45043	36276.59743
69549.92792	36308.94365
69382.35193	36171.59161
69299.02063	36187.78147
69320.18779	36247.44719
69487.76204	36384.7978
69508.92649	36444.31934
69384.73503	36595.85479
69322.22162	36586.78861
69008.2461	36371.76307
68966.58101	36379.78705
68966.89832	36422.21942
69322.95454	36714.05489
69552.05795	36690.83269
69656.79473	36776.68689
69740.05468	36760.4433
69739.32503	36633.17586
69780.74732	36582.63667
69843.16035	36549.3041
69905.9895	36600.80723
69968.50404	36609.87774
69967.0418	36355.33958
70133.63894	36323.05976
70134.37032	36450.32978
70197.2003	36501.83538
70259.54364	36468.4467
70259.30066	36426.07152
70196.47002	36374.56537
70194.75871	36077.50355
70546.67231	35648.13674
70566.4321	35453.17244
70503.59306	35401.66357
70482.10394	35299.70113
70440.00911	35222.87963
70417.84041	34993.55443
70354.92597	34941.98824
70373.66544	34577.36381
70310.81881	34525.85647
70309.73857	34356.14123
70434.67767	34331.87718
70496.76868	34256.1058
70725.97689	34232.81171
70767.14301	34139.8906
70892.08575	34115.63197
70954.17855	34039.8621
71308.33921	33992.32493
71370.43401	33916.55674
71620.3295	33868.05587
71682.42564	33792.2888
71890.72296	33751.86809
71952.82022	33676.10196
72077.77203	33651.85775
72139.86997	33576.09219
72264.82331	33551.85016
72326.92192	33476.08517
72556.15607	33452.83298
72618.25602	33377.06911
72722.28456	33335.67644
72805.31368	33277.06955
73034.30284	33211.44568
73075.72752	33160.90875
73200.6882	33136.6779
73262.79062	33060.91612
73387.75283	33036.68743
73449.85592	32960.92622
73533.21231	32944.76586
73616.24569	32886.16391
73720.28084	32844.78015
73782.38506	32769.01989
73907.35157	32744.79718
74031.63195	32593.19174
74135.85174	32594.28217
74197.95732	32518.52307
74322.92732	32494.30506
74385.03358	32418.54653
74426.78534	32410.45606
74489.65002	32461.99855
74676.98197	32404.41268
74801.45125	32295.42916
74905.42281	32253.99735
74967.53153	32178.24088
75092.57814	32153.94598
75154.68753	32078.19008
75217.30282	32087.3522
75259.2383	32121.73782
75342.5328	32105.53319
75383.89289	32055.08738
75508.87196	32030.88378
75570.98335	31955.12955
75800.08339	31889.47707
75903.5572	31763.27899
76028.54056	31739.08135
76090.72434	31663.24256
76444.9295	31615.96873
76569.1599	31464.46667
76694.29053	31440.24947
76756.40641	31364.49902
76860.39088	31323.08472
77005.62966	31188.81173
77088.93367	31172.62057
77151.0507	31096.87109
77276.04425	31072.6879
77338.16195	30996.93898
77463.15704	30972.75795
77566.7112	30846.48203
77691.77971	30822.36213
77753.89877	30746.61437
77878.89735	30722.43804
77941.01709	30646.69084
78149.32697	30606.3337
78211.44783	30530.58744
78586.5285	30458.13811
78627.96727	30407.61302
78752.97252	30383.44731
78815.09605	30307.70328
78940.10282	30283.53973
79002.22703	30207.79627
79106.22638	30166.40173
79230.47573	30014.9156
79334.80123	30015.97538
79459.05195	29864.49041
79584.1358	29840.39254
79646.26184	29764.65063
79896.29054	29716.34358
79937.73233	29665.82103
80062.74841	29641.67029
80269.56358	29346.69103
80394.5829	29322.54357
80456.71144	29246.80377
80581.73229	29222.65847
80643.86151	29146.91924
80768.95535	29122.83474
80934.65864	28920.83631
81059.68364	28896.69626
81225.3888	28694.69942
81350.41643	28670.56244
81412.54773	28594.82497
81537.57689	28570.69015
81599.70886	28494.95324
81724.73955	28470.82059
81786.8722	28395.08424
81870.2028	28378.92929
82222.31408	27949.73035
82347.42211	27925.6627
82409.55596	27849.92738
82951.41709	27745.32416
83014.32153	27796.9394
83431.15572	27716.62648
83949.03311	27085.48158
84053.06568	27044.12817
84653.77787	26312.04286
84674.02067	26201.93213
84839.75052	25999.95614
84838.96994	25872.59451
85253.25546	25367.69455
85252.4689	25240.32894
85542.47322	24886.88835
85541.68196	24759.51979
85645.26907	24633.27178
85643.41296	24335.97793
85475.56373	24198.25861
85474.76268	24070.88743
85348.88933	23967.61506
85348.08435	23840.24334
85285.1459	23788.60794
85305.29413	23678.42787
85242.35428	23626.79281
85241.54399	23499.42003
85178.60259	23447.7855
85175.95632	23023.16794
85590.16187	22518.20286
85589.81646	22475.73298
85463.91556	22372.45835
85462.26198	22117.70042
85357.31567	22031.62025
85356.48444	21904.24049
85293.52926	21852.60483
85272.01154	21750.44423
85209.05502	21698.80926
85229.1804	21588.62066
85166.22249	21536.98603
85141.3273	20925.29595
85099.04546	20848.4408
85097.91251	20678.49912
85325.69178	20400.71917
85324.8382	20273.33277
85386.9528	20197.58195
85385.45434	19985.30708
85571.86565	19757.96603
85613.58557	19749.99604
85823.1859	19879.69212
86094.33103	19848.67033
86156.51895	19772.83569
86154.80354	19518.0517
86216.91961	19442.3021
86467.1058	19394.09306
86570.65837	19267.81691
86737.47673	19235.75016
86926.40837	19390.69616
86988.81386	19357.36711
87092.37157	19231.0952
87217.54199	19207.05965
87403.90561	18979.82359
87445.5587	18971.8022
87508.53859	19023.45635
87570.94634	18990.12997
87674.5071	18863.86059
87757.88634	18847.87884
87820.86727	18899.53565
87862.59191	18891.42998
88111.0867	18588.45678
88236.19422	18564.37387
88464.00729	18286.62196
88589.18969	18262.60136
88754.88025	18060.59373
88942.40674	18003.19706
89488.3127	18451.01397
89655.15912	18418.99586
89717.29168	18343.25986
89758.95031	18335.24812
89821.9355	18386.92189
89947.05433	18362.86145
90010.03927	18414.53681
90260.35053	18366.33681
90365.34894	18452.48669
90368.65323	18962.21195
90662.57862	19203.40409
90643.27735	19441.01309
90727.01481	19467.39478
90727.84508	19594.80237
91210.65988	19991.06293
91440.13946	19968.29163
91482.144	20002.76971
91607.2671	19978.73822
91670.23795	20030.42747
91732.73493	19997.1885
91898.50072	19795.24266
91961.12906	19804.45375
92107.83872	19882.54227
92088.43208	20120.23723
92151.40167	20171.93054
92214.17117	20181.11667
92276.32841	20105.40094
92317.99013	20097.4031
92464.69589	20175.49861
92444.27047	20243.27475
92382.11149	20318.98906
92383.11782	20488.90614
92508.24467	20464.88882
92697.21461	20620.03962
92822.41356	20595.94105
92927.30798	20682.06796
93156.79891	20659.34492
93219.83531	20711.10597
93449.06249	20645.8234
93512.02743	20697.52817
93595.49676	20681.51813
93699.13423	20555.31177
93803.30407	20514.09632
93865.47289	20438.3901
93928.10257	20447.61646
93991.14074	20499.38405
94053.57596	20466.10209
94115.74611	20390.39696
94282.62008	20358.32816
94408.55434	20461.75237
94533.76533	20437.82124
94890.59423	20730.89356
95015.73565	20706.91128
95057.92684	20783.91954
95287.1764	20718.68232
95413.17583	20822.18223
95538.39078	20798.12139
95664.31725	20901.56677
95768.42742	20860.31509
95831.46187	20912.09823
95956.60842	20888.12945
96019.57107	20939.8554
96144.71866	20915.88929
96228.8321	21027.35087
96354.05221	21003.44673
96417.01384	21055.17604
96542.23412	21031.12977
96710.15396	21169.09959
96835.30496	21145.14376
96961.22523	21248.61102
97086.37749	21224.65892
97149.33714	21276.3944
97441.31547	21220.52396
97503.51047	21144.83926
97545.32385	21136.83923
98028.03239	21533.54082
98153.19016	21509.60435
98279.10393	21613.09384
98383.30123	21571.93194
98446.25779	21623.67836
98571.4178	21599.74793
98739.32412	21737.7634
98864.48551	21713.8374
98990.39565	21817.33889
99094.84578	21818.61255
99220.75407	21922.11792
99324.95694	21880.9674
99387.91076	21932.72176
99575.78204	21918.13387
99637.99379	21842.46293
99930.07366	21786.5906
100391.7778	22166.21168
100415.4144	22650.73037
100478.3615	22702.4939
100458.1282	22812.68561
100646.9639	22967.97883
100647.1331	23010.49198
100584.9093	23086.15301
100543.2343	23094.10951
100417.3465	22990.58194
100229.7182	23047.71802
100167.4968	23123.38104
100062.9777	23122.03239
99876.31563	23349.02315
99897.58347	23408.74106
100065.4479	23546.78607
100066.3311	23716.7194
99879.66017	23943.70286
99754.50076	23967.60621
99692.2778	24043.26793
99588.14595	24084.46465
99546.64071	24134.93471
99526.08967	24202.63701
99651.95679	24306.14931
99714.48853	24272.97165
99818.21916	24146.84188
99943.37831	24122.94011
100005.6032	24047.28
100047.2759	24039.32234
100110.2111	24091.08264
100193.6992	24075.1414
100359.6594	23873.35537
100358.948	23745.93341
100776.1878	23666.20934
100839.1261	23717.97584
100818.8797	23828.16357
100881.8166	23879.93042
100903.0077	23939.73752
100654.0879	24242.3614
100549.6443	24241.06285
100487.415	24316.71939
100362.2533	24340.61299
100383.4412	24400.2726
100466.8589	24384.42063
100592.7228	24487.94881
100593.7268	24657.85215
100468.4941	24681.68413
100385.7762	24825.0982
100239.5931	24831.69804
100198.3865	24924.6467
100073.2287	24948.54181
100010.9989	25024.19792
99718.8742	25079.97879
99655.94754	25028.22187
99489.12308	25060.0826
99468.56658	25127.7824
99531.49239	25179.53772
99531.79621	25222.01942
99406.57214	25245.86359
99344.34504	25321.5219
99239.91257	25320.23607
99198.70836	25413.18504
99073.55855	25437.09178
99011.33258	25512.75103
98886.18428	25536.65992
98658.00135	25814.10791
98658.69541	25941.51563
98596.46953	26017.17496
98576.83141	26254.6994
98535.32323	26305.16704
98536.08289	26432.63112
98410.86942	26456.48401
98348.64253	26532.14252
98244.52098	26573.34373
98182.29455	26649.00261
98182.45235	26691.50794
98245.36478	26743.25225
98246.04883	26870.65475
98308.95971	26922.39958
98309.93886	27092.27929
98247.70945	27167.93573
97955.62848	27223.75262
97892.72018	27172.0108
97767.58487	27195.9283
97599.80389	27057.93594
97474.66997	27081.85788
97411.7604	27030.12012
97411.07325	26902.72107
97285.25058	26799.24714
97284.55949	26671.84755
97053.85204	26482.13121
96991.47258	26515.29237
96992.32797	26685.19566
97160.11764	26823.17438
97160.80746	26950.57293
97412.44582	27157.51865
97413.12951	27284.91665
97475.8098	27294.23671
97477.01552	27506.52811
97290.03962	27691.02952
97185.92553	27732.23749
96895.51611	28085.34443
96874.95178	28153.03752
97105.60643	28342.7478
97106.27596	28470.13987
97293.8545	28412.97798
97292.80956	28200.66668
97417.26669	28049.3524
97415.91839	27794.56218
97830.79101	27290.146
97893.40064	27299.41034
97998.26956	27385.66659
98123.40558	27361.75298
98249.21844	27465.24102
98228.79448	27532.90782
97938.35934	27885.99356
97959.45554	27945.72463
98001.26148	27937.7357
98063.49316	27862.08113
98188.62783	27838.1703
98354.60437	27636.39762
98416.98993	27603.24796
98479.89448	27654.99419
98480.56468	27782.39368
98543.46768	27834.14043
98544.8007	28088.93784
98586.75814	28123.45556
98608.65563	28310.55942
98546.41834	28386.20937
98526.13637	28496.3767
98442.66598	28512.32131
98193.71704	28814.92133
97943.45566	28862.73667
97943.60394	28905.23867
98069.3902	29008.72341
98132.13547	29017.96458
98318.84902	28791.01608
98360.51247	28783.05707
98486.30078	28886.54889
98488.03971	29226.31442
98550.93026	29278.06111
98552.22398	29532.8466
98719.94787	29670.85994
98970.21288	29623.07218
99033.09997	29674.82292
99033.73928	29802.2159
99264.34122	29991.99274
99264.97477	30119.38517
99369.80299	30205.6604
99370.43297	30333.0523
99496.19441	30436.56099
99517.54821	30538.76892
99580.49882	30590.58304
99560.11531	30700.68301
99622.99307	30752.43867
99623.61404	30879.82914
99812.31277	31035.15809
99937.44657	31011.28371
100042.1905	31097.50951
100042.8041	31224.89995
100210.4888	31362.94662
100211.0978	31490.33652
100336.8391	31593.85927
100337.5156	31721.30746
100400.3846	31773.06962
100400.9868	31900.45845
100442.8508	31934.92764
100526.321	31919.01029
100525.7198	31791.62112
100567.1836	31741.26111
100754.7872	31684.18977
100817.7278	31736.0143
100818.3279	31863.40468
101006.9295	32018.70496
100987.1869	32256.2479
101112.915	32359.78369
101175.3847	32326.57799
101237.6579	32250.95756
101237.4609	32208.54248
101048.7928	32053.17756
101069.2001	31943.08241
101006.3327	31891.31459
100984.4013	31661.71167
100942.2639	31584.76497
100941.2575	31372.39651
100878.3852	31320.62973
100815.7145	31311.27938
100753.4486	31386.9058
100628.3112	31410.76758
100566.046	31486.39455
100524.3106	31494.42592
100105.0648	31149.26922
100104.4505	31021.87826
99999.70552	30935.65157
99978.35849	30833.44231
99789.65457	30678.10909
99789.03191	30550.71723
99684.28015	30464.49493
99683.58248	30337.04372
99432.05442	30130.02208
99452.43102	30019.91983
99263.70594	29864.59979
99263.06893	29737.20631
99137.93461	29761.09495
99075.04827	29709.34332
99095.34667	29599.18071
99032.45893	29547.42943
99010.44697	29317.8268
98947.55679	29266.07622
98946.90967	29138.68131
98904.95808	29104.16161
98904.30849	28976.76618
98778.52179	28873.26728
98777.86827	28745.87131
98735.91442	28711.35255
98714.3168	28566.72615
98672.36191	28532.20774
98651.27156	28472.47469
98713.50993	28396.82563
98711.89508	28099.55289
98648.99438	28047.80474
98646.54533	27580.62439
98499.49385	27417.42287
98477.71891	27230.28768
98539.95005	27154.63268
98518.48028	27052.36143
98726.18999	26842.68362
98704.26271	26655.57076
98641.34956	26603.82256
98661.91171	26536.1263
98703.42118	26485.65972
98828.56486	26461.75211
98828.03679	26376.85246
98765.12125	26325.10319
98764.96302	26282.59671
98889.41952	26131.28196
98887.96622	25876.40722
99178.38259	25523.30613
99303.60424	25499.45996
99345.11296	25448.99276
99428.52306	25432.98938
99470.49573	25467.51223
99595.64788	25443.611
99658.57096	25495.36737
99721.26314	25504.70163
99886.93165	25260.44264
100012.3897	25279.0284
100053.5979	25186.08076
100178.8262	25162.24516
100241.0577	25086.59047
100366.216	25062.69819
100469.9599	24936.57933
100595.1201	24912.68956
100657.353	24837.036
100719.8176	24803.80722
100782.7461	24855.57316
100783.4398	24982.99194
100909.2933	25086.5254
100888.8022	25154.28311
100847.288	25204.74582
100722.1273	25228.631
100659.8921	25304.28264
100534.7329	25328.16997
100431.2143	25496.70913
100326.7783	25495.40993
100264.5442	25571.06251
100139.3884	25594.95414
100077.155	25670.60728
99952.00077	25694.50107
99952.68829	25821.9136
99890.45494	25897.56678
99765.30266	25921.46219
99661.55796	26047.58041
99662.47008	26217.41217
99725.38648	26269.16904
99767.1274	26261.27187
99953.83058	26034.31492
100016.4497	26043.59323
100079.3675	26095.35312
100141.9018	26062.18293
100245.6516	25936.06892
100244.9674	25808.65588
100307.588	25817.93604
100475.397	25955.98981
100476.3754	26125.88451
100414.1373	26201.53377
100435.5377	26303.75816
100311.0603	26455.05566
100185.9074	26478.94313
100207.7544	26666.00894
100270.6669	26717.7704
100250.3213	26828.03145
100313.2324	26879.79326
100314.8623	27177.09028
100252.62	27252.73609
100253.2845	27380.14317
100087.2798	27581.89266
100087.9409	27709.29782
100025.6974	27784.94264
100027.8153	28209.65869
100090.7145	28261.41851
100091.3664	28388.82087
100133.322	28423.34731
100133.9714	28550.74915
100217.4486	28534.81997
100258.9712	28484.36414
100384.1171	28460.48565
100508.6153	28309.20521
100612.8209	28268.09416
100675.0705	28192.45433
100800.22	28168.58034
100841.7437	28118.1255
100925.0827	28102.22872
100988.0543	28154.05497
101092.2623	28112.80369
101155.1622	28164.57252
101280.3148	28140.70495
101322.4161	28217.74481
101447.5695	28193.87972
101615.3237	28331.95875
101740.4785	28308.09809
101992.1402	28515.25736
102096.2833	28474.10429
102159.1801	28525.8816
102159.8153	28653.28978
102222.782	28705.12646
102223.4144	28832.53412
102265.2959	28867.01374
102286.7275	28969.1541
102412.5121	29072.71241
102413.2097	29200.17802
102517.9793	29286.43899
102519.0164	29498.83068
102331.1093	29513.40278
102226.3429	29427.14447
102225.6471	29299.68043
102099.8665	29196.12532
102120.2498	29086.01785
101994.4655	28982.4645
101993.833	28854.91345
101930.939	28803.13756
101805.7141	28827.07959
101449.2838	28533.67929
101345.1447	28574.83908
101030.5867	28315.93347
100988.9172	28323.881
100864.4128	28475.1564
100739.264	28499.0283
100677.0125	28574.66656
100551.8653	28598.5406
100489.6144	28674.17942
100510.7709	28733.97822
100552.653	28768.44819
100553.2951	28895.84999
100679.0811	28999.37895
100679.7192	29126.78022
100805.5728	29230.37011
100785.1961	29340.4763
100931.7033	29418.82659
100932.3341	29546.22697
101100.0573	29684.29408
101100.6834	29811.69392
101289.4095	29967.06067
101269.0219	30077.16408
101394.7875	30180.70498
101582.6818	30166.1168
101644.9468	30090.48966
101811.8357	30058.75359
101937.6016	30162.30369
101917.2079	30272.40663
101980.1606	30324.24112
102001.5053	30426.46192
102064.3852	30478.23828
102043.8553	30545.83577
101877.7791	30747.52641
101773.5676	30788.61386
101628.0943	30922.62309
101649.2317	30982.4232
101712.1069	31034.19654
101941.3926	30969.2033
101941.8661	31054.09723
101713.5133	31331.40546
101692.9802	31399.14559
101776.3855	31383.17932
102067.0129	31030.2519
102108.7528	31022.37168
102297.3759	31177.70495
102297.5753	31220.12264
102110.7514	31446.98024
102110.8792	31489.48328
102173.6225	31498.75746
102235.8978	31423.13878
102298.3724	31390.08233
102298.9679	31517.4791
102340.7069	31509.45582
102589.8125	31206.98476
102588.3435	30909.70895
102546.4737	30875.2276
102524.5326	30645.60469
102461.6541	30593.82444
102481.5776	30398.68106
102647.6591	30196.99488
102647.0479	30069.59146
102709.3191	29993.96939
103001.3738	29938.4151
103064.2579	29990.19998
103314.6448	29942.447
103356.5199	29976.93272
103586.1052	29954.59556
103648.9891	30006.38539
103774.1502	29982.55907
103837.0339	30034.35049
103837.2353	30076.77147
103712.6782	30228.0034
103420.6164	30283.6772
103357.7349	30231.88933
103107.3489	30279.49404
103044.4673	30227.70883
103002.796	30235.6447
102815.9736	30462.5035
102816.7086	30632.41086
102879.6582	30684.25296
102880.2596	30811.65461
102943.1362	30863.43839
102943.7348	30990.8395
103006.2114	30957.64154
103483.6982	30377.88577
103546.3781	30387.25453
103944.6593	30715.30259
103965.7926	30774.96735
103612.8333	31203.46673
103592.2931	31271.20609
103655.1657	31322.99587
103717.6454	31289.80324
104029.2617	30954.16523
104071.0057	30946.29382
104364.4439	31188.02266
104427.1216	31197.25418
104426.5351	31069.84895
104551.1094	30918.63118
104529.388	30731.55735
104131.1079	30403.47791
104130.5088	30276.07038
104004.7453	30172.48314
104003.9404	30002.50908
104066.2197	29926.89368
104128.772	29893.7587
104254.5403	29997.34809
104255.0716	30124.84311
105449.8316	31109.10659
105429.2837	31176.70036
105387.7309	31227.13121
105262.5644	31250.93061
105137.9779	31402.13838
105012.8136	31425.94047
104888.2285	31577.14936
104804.7395	31593.02806
104721.5148	31651.38612
104617.2865	31692.43928
104492.7037	31843.65005
104388.2849	31842.2858
104367.7376	31910.02296
104493.4712	32013.6161
104493.6622	32056.03508
104306.7849	32282.8487
104265.0428	32290.86204
104076.4489	32135.47898
103972.2249	32176.53714
103846.4941	32072.95285
103721.3401	32096.76981
103616.5396	32010.43334
103366.2349	32058.07562
103240.5019	31954.50159
103136.0888	31953.15194
103052.4843	31926.54211
102948.0718	31925.19476
102843.2687	31838.8692
102300.9401	31942.08294
102238.6619	32017.69917
102113.5176	32041.53822
102051.24	32117.15501
102051.3649	32159.65705
102176.5798	32135.87646
102239.445	32187.65419
102406.3279	32155.79531
102468.6079	32080.1805
102531.2788	32089.54402
102657.0095	32193.10601
102636.661	32303.25979
102699.5248	32355.04139
102782.9318	32339.0868
102907.4983	32187.86255
102949.2384	32179.98769
103012.1032	32231.77195
103137.2523	32207.94589
103242.0501	32294.27556
103242.6273	32421.67174
103305.49	32473.45848
103305.8727	32558.29245
103264.3241	32608.7268
103243.7767	32676.46251
103369.4972	32780.0365
103431.9764	32746.84601
103535.8155	32620.80548
103619.226	32605.00394
103912.5976	32846.71435
103893.3609	33211.65678
103956.2168	33263.44897
103978.0762	33493.06574
104459.9646	33890.17773
104543.4465	33874.30205
105025.3094	34271.45058
105150.4634	34247.66008
105380.9234	34437.62581
105506.079	34413.84081
105631.7693	34517.4529
105756.9261	34493.67164
105924.5347	34631.84685
106049.6929	34608.07002
106238.2225	34763.50275
106342.4584	34722.47945
106468.1433	34826.10569
106593.3041	34802.33703
106718.9876	34905.96751
106823.3996	34907.36761
106865.3175	34941.9318
106990.4803	34918.16901
107116.1618	35021.80621
107241.3259	34998.04716
107283.2432	35032.6137
107408.4083	35008.85696
107534.0881	35112.50124
107659.2545	35088.74823
107722.0939	35140.57222
107805.5861	35124.72949
107931.2639	35228.38049
108056.4323	35204.63335
108119.2707	35256.4607
108244.4401	35232.71623
108370.1159	35336.37466
108474.3645	35295.37665
108537.2021	35347.20754
108662.3737	35323.46912
108725.211	35375.3016
108850.3837	35351.56585
108913.2208	35403.39993
109121.8916	35363.83669
109247.5651	35467.50998
109476.9953	35402.79492
109539.8319	35454.63431
109790.1876	35407.1872
109853.0241	35459.02924
109978.2743	35435.22329
110083.025	35521.64928
110145.6972	35531.07336
110332.7315	35304.38918
110374.4116	35296.49326
110625.8301	35503.94338
110751.014	35480.23398
111023.2756	35704.90231
111148.5321	35681.11326
111274.1999	35784.82088
111733.199	35698.0076
112047.4355	35957.36435
112047.593	35999.78634
111985.2342	36075.33611
111860.0449	36099.02634
111860.5165	36226.43569
111798.1577	36301.98549
111819.2337	36361.81814
111923.5022	36320.71665
111986.3307	36372.57673
112090.7569	36374.18816
112174.4195	36400.80993
112403.9657	36378.68142
112383.4401	36488.76422
112509.1652	36592.55163
112571.6837	36559.42845
112696.5676	36450.76096
112926.0358	36386.13786
112946.7178	36318.4769
112821.5235	36342.15308
112758.6947	36290.28592
112508.1668	36337.67213
112277.8399	36147.54415
112277.683	36104.97732
112340.0438	36029.42916
112402.6328	35996.36233
112465.4641	36048.2265
112632.3411	36016.65955
112694.7037	35941.11283
112861.5831	35909.54946
112924.4865	35961.47646
113049.7537	35937.71429
113112.5855	35989.58395
113237.7828	35965.91029
113300.6144	36017.78154
113884.9283	35907.3217
113947.7603	35959.19844
114406.8172	35872.52091
114469.6495	35924.40208
114949.6286	35812.42838
115012.4614	35864.31415
115596.8269	35753.95991
115659.6601	35805.85118
116035.3035	35734.93657
116056.4457	35794.70093
116306.8788	35747.4336
116369.712	35799.33089
116432.3957	35808.80158
116473.7886	35715.93456
117392.1755	35542.67369
117455.0104	35594.58019
117496.7047	35586.71686
117559.0952	35511.19318
117726.1587	35479.68868
117788.9941	35531.59802
118790.8392	35342.74676
118853.2365	35267.22866
119229.0159	35196.49651
119291.4152	35120.98004
119688.1263	35067.408
119750.9651	35119.334
119855.2838	35078.45751
119918.1225	35130.38493
120586.1144	35004.68598
120648.5211	34929.17561
120690.2936	34921.24
120753.1337	34973.1745
121003.6301	34926.02794
121066.4701	34977.9651
121400.5187	34915.1069
121463.3587	34967.04742
121943.4495	34855.50382
122006.29	34907.44895
122486.5357	34838.36767
122528.4533	34873.02044
122778.9722	34825.9212
122841.813	34877.87342
122883.5905	34870.09248
122946.0107	34794.59323
123029.4945	34778.82837
123092.3357	34830.78271
123301.1546	34791.53644
123363.9956	34843.49308
123781.6413	34765.01743
123844.0665	34689.5223
124136.3117	34634.62258
124199.154	34686.58631
124449.6947	34639.53083
124512.5369	34691.49722
124616.8851	34650.67009
124784.2132	34704.25077
124846.6444	34628.76047
124867.6395	34646.12304
124867.6395	34646.12304
124992.9136	34622.60339
125034.7609	34657.21129
125181.0311	34651.0574
125201.8895	34625.83738
125285.5194	34652.67608
125327.438	34687.34469
125410.9318	34671.60105
125556.9973	34622.95522
125599.0512	34700.06446
125724.401	34676.61401
125745.3246	34693.91999
125808.0317	34703.45809
125891.2579	34602.83987
125974.9604	34629.59977
126037.5332	34596.55494
126100.2413	34606.09506
126163.0837	34658.07544
126204.9308	34692.68995
126330.4179	34711.68759
126351.3414	34728.99528
126539.3328	34715.03955
126560.4604	34774.847
126602.1742	34767.02366
126664.7497	34733.98309
126748.4532	34760.89589
126852.9473	34762.53345
127041.469	34918.49533
127438.1231	34822.90265
127521.6966	34807.2375
127584.6673	34901.67101
127647.3773	34911.22289
127835.3778	34897.29521
127960.7984	34916.25827
128044.3738	34900.59809
128086.2194	34935.22322
128190.718	34936.87711
128211.5121	34911.74834
128337.2623	35015.80451
128358.1848	35033.11787
128692.1526	34928.0224
128754.992	34980.02475
128880.4871	34999.06062
128964.1218	35025.93721
129047.7009	35010.2864
129110.5397	35062.29176
129235.8382	35038.83127
129277.7543	35073.52221
129403.0538	35050.06403
129549.6522	35171.39803
129612.2399	35138.37684
129716.8685	35182.63735
129800.4503	35166.99376
129967.792	35220.68123
130051.2324	35205.06665
130155.614	35164.30098
130218.2042	35131.28353
130302.0352	35200.67677
130406.4184	35159.91377
130490.1776	35229.25002
130552.8921	35238.82367
130573.7625	35213.61354
130720.0424	35250.02341
130887.2143	35218.75542
130970.8515	35245.6527
131075.3601	35247.34163
131138.1967	35299.36417
131242.5849	35258.61053
131284.4283	35293.25371
131389.0094	35295.0056
131535.2426	35288.89922
131639.6332	35248.14978
131702.2785	35257.67277
131785.7483	35199.60191
131869.2672	35183.91792
131911.1824	35218.62375
131931.9357	35150.97025
132036.2575	35110.16537
132224.292	35096.33039
132537.5985	35016.55127
132600.1983	34983.54816
132662.918	34993.13696
132767.1252	34909.89233
133017.9589	34905.57705
133059.6378	34855.24992
133122.2875	34864.78278
133185.1273	34916.8227
133247.8011	34883.88246
133310.4511	34893.41674
133394.4022	35005.29253
133540.7209	34999.27689
133771.1505	35190.12522
133938.3207	35201.38647
134126.7152	35315.08063
134189.5076	35324.59535
134503.5689	35542.39741
134670.8116	35553.73329
134880.2318	35727.22574
134963.8333	35711.63023
135026.5548	35721.23736
135110.3072	35790.62582
135235.7498	35809.69804
135382.4035	35931.20654
135633.2893	35969.50649
135695.9022	35936.52515
135737.8129	35971.25262
135842.5533	36058.04275
135925.9787	35999.94864
136114.4309	36113.60643
136197.8941	36098.04966
136323.6229	36202.2413
136407.1577	36186.60094
136616.4546	36317.69304
136658.3293	36309.89057
136700.0617	36302.11481
136762.7842	36311.73548
136825.7156	36406.25579
136930.2417	36408.01724
136951.0561	36382.90517
137076.78	36487.10958
137181.1321	36446.3652
137390.5977	36619.98772
137474.0337	36561.9081
137599.6831	36666.06219
137830.0593	36857.03662
138039.4137	36988.0825
138185.7752	37024.68692
138394.6357	36943.34561
138457.3586	36952.83469
138687.1395	36888.8411
138854.2256	36857.75233
138917.0479	36909.84081
139230.4506	36830.30403
139335.0812	36874.5469
139439.5439	36876.42503
139502.3406	36885.98088
139523.3289	36903.38495
139753.148	36881.95469
139836.8868	36951.39656
139857.8035	36968.74237
139920.6007	36978.30142
139941.4221	36953.19515
140025.0652	36980.18676
140066.9698	37014.93871
140150.6838	37041.846
140359.6624	37002.99962
140464.3161	37089.79586
140506.2201	37124.5503
140568.8536	37091.74715
140631.6738	37143.85018
140777.951	37137.90245
140945.4931	37276.86949
141070.8555	37253.57814
141112.7585	37288.336
141384.473	37259.02395
141405.3888	37276.37413
141530.8449	37295.68761
141572.7476	37330.44808
141677.1073	37247.21561
141760.6616	37231.77122
141802.4933	37266.47377
141865.2032	37233.59336
141865.2032	37233.59336
141906.926	37183.30236
142345.7646	37123.1336
142429.4823	37150.06419
142471.136	37099.86052
142847.3265	37029.96521
142993.6178	37024.05319
143056.5269	37118.77742
143244.6347	37105.0383
143286.5384	37139.80846
143495.4771	37101.11904
143600.1134	37145.41766
143641.9302	37137.73351
143788.3835	37174.35065
143809.2131	37149.25112
143871.9461	37158.78017
143955.7528	37228.32784
144248.1763	37131.62999
144331.6554	37073.60632
144477.5966	36855.20034
144561.061	36754.63375
144686.4472	36731.38906
144791.1758	36818.3057
144812.3496	36963.18451
144854.0976	36955.44632
144895.9172	36947.76756
145000.5577	36992.08416
145042.2076	36899.34472
145083.9422	36849.06344
145209.3312	36825.82619
145355.8918	36947.47285
145335.2274	37057.63193
145356.2275	37117.59657
145586.5053	37266.20895
145628.326	37258.53392
145711.8137	37200.52159
145816.0413	37032.40991
145878.6961	36999.4944
146004.172	37018.72778
146046.0761	37053.51356
146150.5538	37012.9265
146339.014	37169.37922
146401.7522	37179.07173
146547.9833	37130.75866
146568.8993	37148.12343
146715.5246	37269.85625
146715.6045	37312.31594
146736.52	37329.68118
146778.3429	37322.01141
146841.0812	37331.56244
146945.8009	37418.50954
147238.5784	37449.34425
147280.4801	37484.13702
147384.9715	37486.11078
147405.8801	37460.93205
147447.7817	37495.72576
147468.8511	37598.15837
147510.7519	37632.95244
147573.4193	37642.5949
147699.0441	37704.37445
147845.4318	37698.60369
147929.1606	37768.13704
147929.1645	37810.68309
148033.6531	37770.11926
148263.6213	37748.82488
148347.1261	37690.83524
148451.7632	37692.79583
148556.1836	37652.1778
148597.935	37601.91035
148702.4278	37561.35279
148765.1692	37571.06316
148932.1846	37455.09067
149120.4084	37441.53502
149203.9923	37426.15815
149245.8198	37418.3547
149350.3194	37420.35151
149350.3166	37377.80328
149496.6449	37371.99883
149601.3638	37458.98348
149643.1209	37451.26749
149684.8028	37358.5401
149768.4603	37343.08244
149851.9734	37285.1029
149998.3767	37279.36554
150019.3652	37339.20353
150270.2003	37292.86787
150395.7627	37312.22568
150458.5085	37321.94811
150688.362	37258.18838
150897.4461	37262.13082
151043.8558	37213.86002
151252.872	37175.2006
151378.1551	37067.11724
151440.9036	37076.70159
151587.1044	36943.44718
151649.7825	36910.56698
151712.5324	36920.29804
151817.2575	37007.31403
151942.6867	36984.16826
152068.3271	37088.5678
152131.0072	37055.69097
152214.6736	37082.80646
152340.105	37059.66636
152465.539	36993.97551
152570.0538	36996.00917
152611.8886	36988.22025
152695.349	36887.79432
152799.9364	36889.74479
152883.5384	36831.8464
152904.3861	36806.76156
153029.8226	36783.6296
153238.9328	36745.07113
153238.7924	36702.54376
153343.314	36662.03192
153426.9879	36646.60523
153489.6043	36571.26702
153594.1965	36573.226
153719.7067	36592.57117
153970.592	36546.32904
154263.3195	36492.45605
154305.1549	36527.22922
154388.7654	36469.34109
154472.4439	36453.92325
154785.5532	36077.25431
154890.1533	36079.22721
155015.3983	35928.56069
155099.0093	35913.08763
155141.0563	36033.01234
155203.9524	36127.71014
155266.5736	36094.93554
155350.121	35994.43671
155370.907	35884.32596
155412.6804	35834.07631
155621.8174	35838.12241
155810.3059	35994.81611
155998.5917	36023.95328
156082.4103	36093.63817
156082.4762	36136.11035
156145.2381	36145.87278
156333.4586	36132.40055
156396.1558	36099.69226
156437.9994	36091.91927
156542.4756	36008.9661
156647.083	36010.95956
156751.495	35885.38971
156856.0327	35887.47088
156876.958	35862.30573
157002.2852	35796.6903
157106.7649	35713.74084
157169.3331	35595.798
157252.959	35537.92839
157357.4344	35497.39505
157482.9026	35474.3176
157545.8069	35526.62345
157650.2186	35443.61827
157712.9206	35410.7712
157796.5494	35352.90506
158005.6448	35314.38426
158110.1309	35231.44162
158298.4456	35218.06449
158361.0847	35142.74462
158381.8088	35032.56895
158423.454	34939.79104
158486.0925	34864.47064
158758.0416	34835.80099
159197.9005	35201.61318
159239.8777	35278.95065
159281.9168	35398.91021
159302.9712	35458.8472
159261.1833	35509.08497
159156.7489	35634.63661
159177.7305	35694.51339
159240.5615	35746.77424
159387.0313	35741.18353
159617.4315	35932.83558
159722.0517	35934.86511
159742.9117	35909.79036
159868.4394	35971.78604
159952.1412	35956.41601
160140.6259	36113.21989
160161.9575	36385.83286
160203.8647	36420.69874
160224.7825	36438.10208
160329.3466	36397.66346
160769.1113	36763.56909
160894.5954	36740.54285
161062.1433	36879.96499
161166.7643	36882.01421
161355.194	36953.80923
161438.7568	36938.48145
161543.3789	36940.53527
161648.0523	36985.21282
161731.6369	36927.32456
161857.1262	36904.31195
161919.9466	36956.59555
162003.6543	36941.24668
162066.4744	36993.53153
162317.4574	36947.51745
162443.0971	37052.093
162547.7227	37054.15899
162610.4937	37063.96998
162673.336	37073.69589
162756.9269	37015.81599
162840.6145	37043.03918
162924.3021	37070.26326
163008.0135	37054.92372
163133.6513	37159.51098
163238.279	37161.58542
163321.9666	37188.8137
163426.5949	37190.89044
163531.2695	37235.59277
163593.9961	37202.7868
163698.5995	37247.43188
163782.3136	37232.09979
163886.9884	37276.80679
164096.1334	37238.43593
164179.8934	37265.58746
164326.383	37260.08354
164451.8867	37237.10722
164451.8867	37237.10722
164577.3476	37171.65186
164681.981	37173.74336
164828.446	37210.66871
165184.0963	37166.97313
165414.2547	37231.15676
165602.5711	37175.46066
165728.2367	37237.52452
166000.1775	37209.03061
166167.4416	37135.95173
166251.1659	37120.64146
166355.8465	37165.23533
166523.2654	37177.18753
166627.8669	37136.81891
166774.2611	37088.81151
166920.8067	37125.83257
166983.5147	37135.61617
167088.1513	37052.68299
167276.3424	36997.04448
167778.5084	36905.21736
167924.9886	36942.34095
168657.2806	36829.84774
168908.3787	36741.43762
169096.697	36728.37861
169264.1723	36782.86802
169326.9218	36750.09593
169389.6355	36674.83716
169473.3025	36659.63999
170310.2781	36506.93004
170414.9393	36424.02474
170707.8275	36370.60711
170833.3728	36347.71277
170938.0355	36349.87568
171063.6192	36284.40935
171272.8078	36203.70236
171356.5204	36145.94519
171440.1252	36130.70464
171586.6336	35997.61222
171586.5275	35955.06217
171691.0904	35829.61546
171963.1183	35716.21858
172025.8783	35683.60504
172172.2834	35593.03412
172276.9202	35552.71874
172297.8409	35485.08664
172507.081	35446.89145
172611.7901	35491.709
172842.025	35471.01934
172883.9368	35505.95694
172946.7685	35558.33402
173197.8927	35512.60017
173239.8043	35547.53979
173386.2879	35542.11644
173532.9734	35706.87334
173637.7135	35794.1978
173763.2785	35771.34034
173826.0055	35781.17194
173930.7445	35868.50054
173972.5524	35860.89129
174056.4126	35888.20048
174370.5499	36150.14102
174475.1565	36152.43051
174621.7426	36189.58319
174726.4212	36191.79025
174935.7527	36153.71386
175061.3064	36215.94958
175124.1504	36183.27091
175270.596	36220.46093
175417.1327	36172.49315
175773.1125	36256.74012
175919.5818	36208.86559
176066.173	36246.0436
176296.459	36395.65938
176756.966	36311.9879
176903.5102	36391.76256
176987.2793	36376.54632
177154.8328	36516.33247
177343.2392	36545.93964
177594.409	36500.33206
177678.149	36570.20175
178096.8686	36494.19069
178138.684	36486.60091
178180.5898	36521.5685
178389.9538	36483.57164
178494.5928	36528.40733
178683.0606	36515.46025
178766.7828	36542.84402
178976.1525	36504.86041
179080.7925	36549.70372
179373.9436	36496.53262
179499.4854	36516.3397
179813.5598	36480.64001
179876.3673	36490.57629
179960.0921	36517.9721
180000	36517.9721
180000  0